1.000000000 0.000000000 0.000000000 0.000000000 0.000000000 1.000000000 0.000000000 0.000000000 0.000000000 0.000000000 1.000000000 0.000000000
0.999991238 -0.002499045 -0.003363667 -0.002824721 0.002491718 0.999994516 -0.002180530 -0.005470151 0.003369097 0.002172130 0.999991953 0.666731536
0.999969184 -0.001349743 -0.007728185 0.003017922 0.001324115 0.999993622 -0.003320281 -0.018666003 0.007732617 0.003309947 0.999964654 1.321649432
0.999929667 -0.001438630 -0.011766511 -0.006193550 0.001388333 0.999989808 -0.004281661 -0.030713217 0.011772553 0.004265026 0.999921560 2.004220486
0.999860764 -0.000122912 -0.016683299 -0.026593795 0.000039712 0.999987602 -0.004987291 -0.032834344 0.016683705 0.004985934 0.999848425 2.732411385
0.999774218 -0.000956252 -0.021226658 -0.037146449 0.000839533 0.999984503 -0.005506938 -0.036411300 0.021231597 0.005487875 0.999759495 3.474000931
0.999670029 0.000784438 -0.025674582 -0.065069869 -0.000960828 0.999976039 -0.006858597 -0.040124245 0.025668586 0.006881003 0.999646842 4.230302334
0.999534667 0.003432746 -0.030309658 -0.098803237 -0.003660121 0.999965549 -0.007449467 -0.050634596 0.030283041 0.007556937 0.999512792 4.990684509
0.999381483 0.003702380 -0.034970779 -0.125707537 -0.003906503 0.999975741 -0.005770436 -0.057342533 0.034948565 0.005903481 0.999371648 5.791769981
0.999216318 0.003140485 -0.039457276 -0.161972523 -0.003265918 0.999989808 -0.003114884 -0.064410686 0.039447088 0.003241306 0.999216378 6.593875408
0.999088526 0.002492794 -0.042613439 -0.204099312 -0.002504404 0.999996841 -0.000219046 -0.074280046 0.042612754 0.000325566 0.999091566 7.398874283
0.998970330 0.004055519 -0.045189179 -0.247261941 -0.004119885 0.999990642 -0.001331321 -0.078065909 0.045183368 0.001516125 0.998977542 8.215141296
0.998869300 0.003597422 -0.047404084 -0.292425722 -0.003673831 0.999992073 -0.001524841 -0.083315223 0.047398221 0.001697272 0.998874664 9.035287857
0.998807192 0.001055520 -0.048816580 -0.338775456 -0.001168037 0.999996781 -0.002276415 -0.089483485 0.048814021 0.002330719 0.998805165 9.862312317
0.998679936 0.000626574 -0.051360842 -0.376635939 -0.000694217 0.999998927 -0.001299181 -0.098072767 0.051359974 0.001333122 0.998679340 10.716201782
0.998597443 -0.000855558 -0.052937940 -0.424049348 0.000758797 0.999998033 -0.001847872 -0.103794202 0.052939419 0.001805111 0.998596072 11.568237305
0.998517931 0.001454579 -0.054402698 -0.480037034 -0.001663281 0.999991477 -0.003791167 -0.116164237 0.054396719 0.003876036 0.998511970 12.424964905
0.998439312 0.001760063 -0.055818502 -0.531560302 -0.002123370 0.999976933 -0.006450082 -0.125547171 0.055805858 0.006558539 0.998420119 13.291600227
0.998337269 0.005498223 -0.057378910 -0.592258990 -0.005963428 0.999950707 -0.007939517 -0.139401257 0.057332426 0.008268491 0.998320878 14.164468765
0.998266399 0.006859296 -0.058455426 -0.648049116 -0.007316008 0.999944270 -0.007602578 -0.150107965 0.058400027 0.008017058 0.998261094 15.060506821
0.998184562 0.005825496 -0.059947319 -0.704421401 -0.006200083 0.999962389 -0.006064476 -0.164373249 0.059909735 0.006425145 0.998183131 15.952472687
0.998108625 0.006364073 -0.061145417 -0.767373741 -0.006660016 0.999967039 -0.004637395 -0.175898269 0.061113894 0.005035853 0.998118103 16.849426270
0.998054445 0.006085830 -0.062048916 -0.828540206 -0.006372469 0.999969900 -0.004422720 -0.191944644 0.062020134 0.004809520 0.998063326 17.758428574
0.997936845 0.006263900 -0.063896745 -0.886612654 -0.006619786 0.999963701 -0.005359523 -0.205100462 0.063860863 0.005771449 0.997942090 18.656589508
0.997879863 0.004716738 -0.064910986 -0.949594617 -0.005108182 0.999969780 -0.005865840 -0.219078824 0.064881362 0.006184982 0.997873783 19.567588806
0.997845352 0.004599259 -0.065448001 -1.010454893 -0.004902683 0.999977946 -0.004476252 -0.228164196 0.065425970 0.004787479 0.997845948 20.483993530
0.997838080 0.006540549 -0.065393277 -1.075028181 -0.006623439 0.999977529 -0.001050839 -0.239460796 0.065384939 0.001481695 0.997859001 21.416507721
0.997902989 0.007628804 -0.064275011 -1.139957666 -0.007466147 0.999968350 0.002770476 -0.249365598 0.064294115 -0.002284780 0.997928262 22.343940735
0.998014987 0.006610813 -0.062628262 -1.204209447 -0.006281578 0.999965429 0.005452399 -0.253297806 0.062662140 -0.005048172 0.998022020 23.276771545
0.998103499 0.006509885 -0.061211705 -1.262996435 -0.006123862 0.999960184 0.006491828 -0.262334675 0.061251525 -0.006104664 0.998103678 24.227354050
0.998186707 0.006954288 -0.059790473 -1.321326375 -0.006754359 0.999970973 0.003545268 -0.268476844 0.059813384 -0.003134993 0.998204648 25.172824860
0.998213947 0.007318647 -0.059290130 -1.376380563 -0.007396826 0.999972045 -0.001099217 -0.274036765 0.059280422 0.001535812 0.998240173 26.112037659
0.998298585 0.007370388 -0.057841763 -1.435208440 -0.007609365 0.999963343 -0.003912373 -0.288853347 0.057810813 0.004345856 0.998318076 27.065845490
0.998336017 0.004638246 -0.057476256 -1.484225631 -0.004831471 0.999983072 -0.003223291 -0.295357347 0.057460342 0.003495624 0.998341620 28.024669647
0.998366773 0.003077792 -0.057046998 -1.552374363 -0.002972822 0.999993742 0.001924816 -0.307655752 0.057052571 -0.001752080 0.998369575 28.997745514
0.998327732 -0.000785226 -0.057802252 -1.605226755 0.001115214 0.999983370 0.005676879 -0.320980132 0.057796821 -0.005731847 0.998311937 29.957880020
0.998225629 -0.008227698 -0.058972217 -1.653863072 0.008546247 0.999950230 0.005151487 -0.328440607 0.058926888 -0.005646338 0.998246431 30.933986664
0.998123407 -0.010487399 -0.060330126 -1.710825443 0.010575058 0.999943435 0.001133871 -0.332232714 0.060314823 -0.001769738 0.998177826 31.907932281
0.998048663 -0.010341771 -0.061580118 -1.774784565 0.010181911 0.999943972 -0.002909219 -0.337804139 0.061606761 0.002276539 0.998097837 32.882125854
0.997966349 -0.008866967 -0.063123927 -1.858376503 0.008657606 0.999956071 -0.003589398 -0.346462578 0.063152984 0.003035597 0.997999191 33.869056702
0.997888207 -0.009151313 -0.064306520 -1.907795429 0.009051681 0.999957323 -0.001840531 -0.366084605 0.064320616 0.001254562 0.997928500 34.843341827
0.997824728 -0.006172324 -0.065632455 -1.978088379 0.006242709 0.999980152 0.000867403 -0.377686799 0.065625794 -0.001275240 0.997843504 35.841796875
0.997735143 -0.005932780 -0.067002982 -2.046193600 0.006102724 0.999978662 0.002331968 -0.391476154 0.066987708 -0.002735587 0.997749984 36.829231262
0.997685134 -0.004699755 -0.067839645 -2.116882801 0.005055302 0.999974370 0.005070279 -0.400740683 0.067814082 -0.005401492 0.997683346 37.803619385
0.997690916 -0.004691815 -0.067755766 -2.180900574 0.005247832 0.999953985 0.008030546 -0.410047829 0.067714982 -0.008367572 0.997669578 38.792697906
0.997668266 0.001082877 -0.068241872 -2.259482622 -0.000386411 0.999947727 0.010218218 -0.410133362 0.068249382 -0.010168022 0.997616410 39.776477814
0.997659445 0.001355172 -0.068367042 -2.340588093 -0.000722745 0.999956667 0.009274363 -0.410825580 0.068376668 -0.009203240 0.997617066 40.773384094
0.997648358 0.001061002 -0.068532161 -2.399378300 -0.000506950 0.999966979 0.008101443 -0.422000557 0.068538494 -0.008047650 0.997615993 41.766330719
0.997658312 0.003446287 -0.068308733 -2.482105732 -0.003060069 0.999978662 0.005757824 -0.424662113 0.068327121 -0.005535311 0.997647643 42.759967804
0.997612536 0.002902691 -0.068998396 -2.559682608 -0.002495474 0.999978900 0.005987282 -0.431581169 0.069014296 -0.005800806 0.997598767 43.740360260
