1.000000000 0.000000000 0.000000000 0.000000000 0.000000000 1.000000000 0.000000000 0.000000000 0.000000000 0.000000000 1.000000000 0.000000000
0.999998629 0.000756651 0.001472531 -0.003176370 -0.000749947 0.999989390 -0.004547972 -0.019164518 -0.001475957 0.004546861 0.999988556 0.960913718
0.999996662 -0.001479045 0.002131989 0.003782258 0.001490419 0.999984622 -0.005343203 -0.034043517 -0.002124053 0.005346362 0.999983430 1.912394166
0.999993324 -0.002860181 0.002334097 0.004645041 0.002863111 0.999995112 -0.001252552 -0.055396907 -0.002330504 0.001259226 0.999996483 2.851093054
0.999984443 -0.005302726 0.001722561 0.009637448 0.005294143 0.999973655 0.004950151 -0.075056553 -0.001748765 -0.004940955 0.999986291 3.795855045
0.999960721 -0.008871202 0.000201439 0.014790999 0.008870068 0.999947786 0.005066372 -0.088242464 -0.000246373 -0.005064386 0.999987185 4.729681492
0.999934793 -0.011400459 -0.000573607 0.016827701 0.011401615 0.999932885 0.002056102 -0.101179041 0.000550128 -0.002062508 0.999997735 5.656361103
0.999926925 -0.012001129 -0.001435810 0.012350872 0.011998938 0.999926865 -0.001524327 -0.111950509 0.001453999 0.001506987 0.999997854 6.572515965
0.999931276 -0.011576053 -0.001854700 0.008929903 0.011572628 0.999931335 -0.001846877 -0.132910386 0.001875952 0.001825286 0.999996603 7.500203133
0.999927163 -0.011686939 -0.002987605 0.003771916 0.011687245 0.999931753 0.000085314 -0.148604661 0.002986404 -0.000120224 0.999995530 8.408771515
0.999935806 -0.010857778 -0.003246290 -0.004425257 0.010866535 0.999937356 0.002692255 -0.158802897 0.003216855 -0.002727357 0.999991119 9.345829010
0.999930680 -0.010979234 -0.004272677 -0.008355439 0.010997797 0.999930084 0.004345529 -0.173938021 0.004224668 -0.004392217 0.999981403 10.262853622
0.999911606 -0.012361640 -0.004892034 -0.009722415 0.012387204 0.999909580 0.005230663 -0.187996894 0.004826932 -0.005290800 0.999974310 11.166379929
0.999901116 -0.012704277 -0.006020650 -0.009648860 0.012737351 0.999903798 0.005487425 -0.203137785 0.005950357 -0.005563570 0.999966800 12.078174591
0.999892592 -0.013119296 -0.006520795 -0.020258993 0.013146469 0.999904990 0.004141951 -0.216154739 0.006465836 -0.004227234 0.999970138 12.976139069
0.999883175 -0.013317872 -0.007499220 -0.036866039 0.013332854 0.999909222 0.001951476 -0.225019157 0.007472548 -0.002051234 0.999969959 13.876259804
0.999844551 -0.014884129 -0.009445550 -0.035923302 0.014886850 0.999889135 0.000218007 -0.230865657 0.009441258 -0.000358588 0.999955297 14.782678604
0.999829888 -0.014676270 -0.011169706 -0.045492411 0.014672135 0.999892175 -0.000452027 -0.244598150 0.011175137 0.000288067 0.999937475 15.684725761
0.999835849 -0.013222377 -0.012380618 -0.070241541 0.013205690 0.999911785 -0.001428513 -0.257095814 0.012398414 0.001264784 0.999922276 16.569314957
0.999827445 -0.012039490 -0.014151379 -0.083674327 0.012025318 0.999927104 -0.001086059 -0.278661519 0.014163423 0.000915696 0.999899268 17.464450836
0.999801934 -0.012570550 -0.015435982 -0.095635146 0.012564540 0.999920964 -0.000486279 -0.289557695 0.015440879 0.000292236 0.999880731 18.339824677
0.999780715 -0.011869541 -0.017255794 -0.108194456 0.011887176 0.999928951 0.000919766 -0.305690467 0.017243654 -0.001124687 0.999850631 19.219364166
0.999758661 -0.011587757 -0.018666033 -0.125758067 0.011615906 0.999931574 0.001400404 -0.319667995 0.018648533 -0.001616889 0.999824762 20.095485687
0.999710381 -0.013101007 -0.020185312 -0.145205915 0.013147964 0.999911129 0.002195427 -0.342732102 0.020154756 -0.002460188 0.999793828 20.963500977
0.999690354 -0.012376411 -0.021587091 -0.162013739 0.012386605 0.999923229 0.000338570 -0.344070524 0.021581244 -0.000605856 0.999766886 21.829563141
0.999649346 -0.012523009 -0.023332212 -0.177681625 0.012548923 0.999920785 0.000964534 -0.359354198 0.023318287 -0.001256990 0.999727249 22.691072464
0.999634802 -0.012018170 -0.024206057 -0.201552600 0.012093725 0.999922454 0.002977217 -0.372422576 0.024168400 -0.003268871 0.999702454 23.539915085
0.999604762 -0.013287813 -0.024771608 -0.218608618 0.013430498 0.999894083 0.005602562 -0.382891119 0.024694541 -0.005933042 0.999677420 24.383340836
0.999585748 -0.013596688 -0.025365835 -0.239325285 0.013785199 0.999878526 0.007271631 -0.395485520 0.025263883 -0.007618292 0.999651730 25.217958450
0.999591768 -0.012488429 -0.025695655 -0.268389165 0.012647307 0.999901831 0.006029807 -0.407607198 0.025617832 -0.006352327 0.999651670 26.041793823
0.999583125 -0.010772416 -0.026786333 -0.288358867 0.010868606 0.999934912 0.003447968 -0.419800073 0.026747452 -0.003737661 0.999635160 26.842664719
0.999566019 -0.010410924 -0.027557574 -0.311679125 0.010461620 0.999943793 0.001696064 -0.428855687 0.027538370 -0.001983624 0.999618769 27.642673492
0.999551654 -0.009569349 -0.028371250 -0.337929994 0.009614679 0.999952734 0.001461689 -0.442892760 0.028355921 -0.001733814 0.999596357 28.429084778
0.999507546 -0.009662189 -0.029856127 -0.359087884 0.009702997 0.999952257 0.001222241 -0.459146559 0.029842893 -0.001511333 0.999553442 29.214162827
0.999456704 -0.009355023 -0.031603664 -0.387361944 0.009368693 0.999956071 0.000284526 -0.471803188 0.031599611 -0.000580457 0.999500453 29.984813690
0.999389827 -0.009449827 -0.033625215 -0.412139356 0.009458894 0.999955237 0.000110570 -0.485108554 0.033622678 -0.000428560 0.999434471 30.755887985
0.999325156 -0.009470250 -0.035491694 -0.439651489 0.009516474 0.999954104 0.001133653 -0.493038207 0.035479326 -0.001470644 0.999369383 31.512186050
0.999239624 -0.009579337 -0.037794340 -0.463911653 0.009711472 0.999947309 0.003314109 -0.506024241 0.037760604 -0.003678628 0.999280035 32.258495331
0.999167442 -0.008784587 -0.039842576 -0.494537234 0.008979919 0.999948502 0.004726238 -0.515474796 0.039799005 -0.005080085 0.999194860 32.995483398
0.999124110 -0.007079070 -0.041243717 -0.534820855 0.007291024 0.999960959 0.004990901 -0.527429998 0.041206773 -0.005287238 0.999136686 33.715278625
0.999047160 -0.004652783 -0.043394014 -0.565609336 0.004843469 0.999979079 0.004290195 -0.540178180 0.043373134 -0.004496285 0.999048829 34.447967529
0.998974681 -0.002894803 -0.045180283 -0.597130954 0.003056145 0.999989271 0.003502434 -0.547033489 0.045169655 -0.003636921 0.998972714 35.153701782
0.998887539 -0.002729547 -0.047076531 -0.623978257 0.002953071 0.999984682 0.004679229 -0.554455161 0.047063041 -0.004813044 0.998880267 35.863754272
0.998856544 -0.001176589 -0.047793295 -0.667557597 0.001490010 0.999977529 0.006522743 -0.566686213 0.047784552 -0.006586498 0.998835862 36.548042297
0.998841882 0.001432561 -0.048090447 -0.700783372 -0.001104595 0.999975920 0.006845664 -0.572940707 0.048099101 -0.006784617 0.998819470 37.227630615
0.998890817 0.004170483 -0.046900436 -0.734660506 -0.003929284 0.999978602 0.005233784 -0.590286076 0.046921253 -0.005043693 0.998885810 37.890926361
0.998960495 0.005941836 -0.045196496 -0.768164396 -0.005851326 0.999980628 0.002134619 -0.598236561 0.045208301 -0.001867940 0.998975813 38.531658173
0.999042809 0.006672440 -0.043233000 -0.793200076 -0.006680200 0.999977708 -0.000035022 -0.597669780 0.043231808 0.000323794 0.999064982 39.188385010
0.999188900 0.007447742 -0.039574079 -0.827614844 -0.007418946 0.999972105 0.000874472 -0.609557152 0.039579488 -0.000580165 0.999216199 39.827182770
0.999260008 0.012398543 -0.036411796 -0.857329547 -0.012288959 0.999919295 0.003231845 -0.615863800 0.036448926 -0.002781990 0.999331594 40.458881378
0.999349117 0.016492074 -0.032084774 -0.884943008 -0.016280921 0.999844134 0.006831347 -0.626365423 0.032192428 -0.006304530 0.999461889 41.073162079
0.999383867 0.021279344 -0.027910922 -0.908082545 -0.021060294 0.999745190 0.008119052 -0.640653729 0.028076580 -0.007526238 0.999577463 41.679103851
0.999432862 0.024810616 -0.022767656 -0.922568619 -0.024620812 0.999660075 0.008579402 -0.647218645 0.022972777 -0.008013979 0.999704063 42.265972137
0.999443531 0.028968247 -0.016534425 -0.941406429 -0.028797323 0.999530256 0.010483596 -0.649658442 0.016830355 -0.010001615 0.999808252 42.831882477
0.999398589 0.033151247 -0.010170272 -0.946929693 -0.033033449 0.999387622 0.011540358 -0.656887472 0.010546619 -0.011197458 0.999881685 43.388603210
0.999332488 0.036390658 -0.003192490 -0.949272156 -0.036352262 0.999274492 0.011359470 -0.665611744 0.003603553 -0.011235832 0.999930382 43.919658661
0.999199450 0.039768092 0.004339985 -0.952921331 -0.039815005 0.999142945 0.011318435 -0.670816779 -0.003886153 -0.011482171 0.999926507 44.424247742
0.998972714 0.043876126 0.011329360 -0.939920962 -0.043995164 0.998976827 0.010480860 -0.670553088 -0.010857909 -0.010968533 0.999880791 44.919528961
0.998667300 0.047714360 0.019672582 -0.943479300 -0.047881790 0.998819947 0.008129251 -0.680938721 -0.019261487 -0.009060375 0.999773443 45.393466949
0.998376369 0.049860016 0.027540738 -0.931469798 -0.050018419 0.998735368 0.005092743 -0.685423732 -0.027251981 -0.006462017 0.999607742 45.834835052
0.998102307 0.050247878 0.035596453 -0.916477084 -0.050455961 0.998713970 0.004971103 -0.693166018 -0.035300881 -0.006757722 0.999353945 46.263305664
0.997855067 0.049072921 0.043325637 -0.888412476 -0.049386144 0.998760581 0.006188160 -0.698878765 -0.042968269 -0.008314572 0.999041855 46.663978577
0.997406125 0.050787002 0.051008314 -0.863570929 -0.051211745 0.998662889 0.007053833 -0.703845501 -0.050581880 -0.009647759 0.998673260 47.053733826
0.996790886 0.053199865 0.059813581 -0.840484381 -0.053716481 0.998531282 0.007061477 -0.707107425 -0.059350062 -0.010251789 0.998184621 47.402366638
0.995905399 0.058304876 0.069086745 -0.825210571 -0.058894899 0.998242795 0.006532690 -0.713674605 -0.068584472 -0.010574800 0.997589231 47.715698242
0.995025873 0.061813325 0.078119114 -0.802017212 -0.062519886 0.998021603 0.006629078 -0.718578458 -0.077554807 -0.011480102 0.996922016 48.023483276
0.994303226 0.060955863 0.087438926 -0.764846325 -0.061833154 0.998059392 0.007357472 -0.726313889 -0.086820766 -0.012722182 0.996142745 48.304431915
0.993392825 0.059620127 0.098061882 -0.732620716 -0.060441401 0.998156965 0.005423129 -0.732765675 -0.097557828 -0.011314293 0.995165527 48.573410034
0.992258370 0.058015637 0.109806769 -0.691861629 -0.058480248 0.998288155 0.001012744 -0.738152444 -0.109559998 -0.007426431 0.993952453 48.838314056
0.990663350 0.058746260 0.123023756 -0.646250248 -0.058814138 0.998264194 -0.003082827 -0.741879225 -0.122991309 -0.004181494 0.992398918 49.105205536
0.988533020 0.060151648 0.138507396 -0.604043484 -0.059997473 0.998184502 -0.005291927 -0.748022676 -0.138574257 -0.003078851 0.990347266 49.362258911
0.986038446 0.061557092 0.154722035 -0.553604603 -0.061276093 0.998099089 -0.006589164 -0.753599763 -0.154833540 -0.002983594 0.987936080 49.619667053
0.983231068 0.061625641 0.171636328 -0.496110916 -0.061204873 0.998095095 -0.007747350 -0.758702874 -0.171786830 -0.002887545 0.985129952 49.872230530
0.979901910 0.060865916 0.189967722 -0.437992096 -0.060270671 0.998142242 -0.008914681 -0.765367150 -0.190157399 -0.002713969 0.981749892 50.127346039
0.976066351 0.059322577 0.209225148 -0.369271278 -0.058695048 0.998233438 -0.009212608 -0.771347284 -0.209402055 -0.003288364 0.977824092 50.371498108
0.971572399 0.059317674 0.229190931 -0.290802002 -0.058543447 0.998232901 -0.010182142 -0.781026185 -0.229389921 -0.003524940 0.973328233 50.602745056
0.966242611 0.061201308 0.250259101 -0.211572647 -0.060004838 0.998120785 -0.012415444 -0.785280526 -0.250548661 -0.003020423 0.968099236 50.843727112
0.960009098 0.061971106 0.273023933 -0.124699593 -0.060329515 0.998074472 -0.014412267 -0.795042157 -0.273391366 -0.002635492 0.961899340 51.100231171
0.952705085 0.062987715 0.297297120 -0.026452065 -0.061217465 0.998007536 -0.015271001 -0.809170246 -0.297666609 -0.003651018 0.954662919 51.341598511
0.944152772 0.065353923 0.322962046 0.074387550 -0.063583553 0.997847497 -0.016041117 -0.819593430 -0.323315293 -0.005389810 0.946276009 51.580043793
0.934357762 0.067016728 0.349977642 0.188449860 -0.065203071 0.997727513 -0.016976640 -0.830914259 -0.350320101 -0.006957365 0.936604202 51.814544678
0.923152268 0.067238800 0.378508687 0.308805466 -0.065245412 0.997704983 -0.018105356 -0.842668772 -0.378857434 -0.007981952 0.925420642 52.051433563
0.910528421 0.064577848 0.408372074 0.452327728 -0.061786324 0.997888207 -0.020038748 -0.855614007 -0.408803731 -0.006985961 0.912595630 52.287208557
0.895480096 0.061755057 0.440796673 0.599521637 -0.057772398 0.998076975 -0.022464497 -0.867688179 -0.441336304 -0.005349370 0.897325873 52.517166138
0.878067493 0.060850695 0.474651992 0.758291245 -0.054803740 0.998143435 -0.026580136 -0.879063725 -0.475388229 -0.002673551 0.879772067 52.741188049
0.858528674 0.062356003 0.508959830 0.932495117 -0.053840473 0.998053908 -0.031458400 -0.890195489 -0.509931028 -0.000394697 0.860215187 52.968971252
0.836604357 0.063815899 0.544077635 1.115751266 -0.052959412 0.997961223 -0.035619389 -0.903004169 -0.545241535 0.000985305 0.838278413 53.194194794
0.811915219 0.065897733 0.580044150 1.319522858 -0.053226158 0.997826159 -0.038857993 -0.918554664 -0.581343889 0.000675874 0.813657701 53.422515869
0.784391284 0.069608539 0.616348088 1.536994934 -0.055997346 0.997572243 -0.041398231 -0.934253097 -0.617733479 -0.002041446 0.786384821 53.656265259
0.754342198 0.073577940 0.652345121 1.779226303 -0.059004240 0.997276366 -0.044252872 -0.946156383 -0.653824449 -0.005109332 0.756628990 53.899147034
0.720995426 0.074054264 0.688971400 2.019685745 -0.058230661 0.997231126 -0.046250381 -0.971984863 -0.690488815 -0.006772943 0.723311365 54.117427826
0.684431612 0.071005002 0.725611389 2.311973572 -0.053898059 0.997450650 -0.046766721 -0.994575858 -0.727082193 -0.007100425 0.686513722 54.339958191
0.645063639 0.069189556 0.760990024 2.622457504 -0.050675511 0.997573256 -0.047744028 -1.015537262 -0.762446761 -0.007765615 0.647004426 54.556732178
0.602073967 0.069195472 0.795436382 2.960395813 -0.049026832 0.997561693 -0.049669567 -1.032193422 -0.796933770 -0.009092964 0.603998303 54.784805298
0.555926323 0.067886427 0.828454733 3.327688217 -0.044362772 0.997662067 -0.051982645 -1.060107708 -0.830046773 -0.007854026 0.557638347 54.994323730
0.507647455 0.065969639 0.859035611 3.714653015 -0.040549397 0.997788787 -0.052662503 -1.091866493 -0.860610127 -0.008099390 0.509199917 55.182670593
0.458957851 0.064177461 0.886137009 4.119033813 -0.038526352 0.997887015 -0.052316830 -1.110257506 -0.887622237 -0.010128407 0.460460782 55.351184845
0.409366071 0.061435349 0.910299420 4.550680161 -0.038231581 0.998009145 -0.050161861 -1.143933654 -0.911568761 -0.014267628 0.410899878 55.508987427
0.358243376 0.061264195 0.931616008 5.030191422 -0.041569155 0.997901797 -0.049638238 -1.166968822 -0.932702363 -0.020943917 0.360038429 55.689346313
0.309050709 0.061090432 0.949081481 5.492070198 -0.039321721 0.997902215 -0.051428542 -1.196855783 -0.950232267 -0.021425484 0.310804605 55.808532715
0.262232631 0.057410453 0.963295400 5.974046707 -0.028359685 0.998256028 -0.051773839 -1.234611511 -0.964587927 -0.013741970 0.263403416 55.889167786
0.218230501 0.051774256 0.974522889 6.497187614 -0.014237313 0.998654306 -0.049868070 -1.256327152 -0.975793481 -0.002991848 0.218673974 55.962074280
0.175545663 0.050265670 0.983187199 7.018894196 -0.005836735 0.998731196 -0.050018229 -1.297436476 -0.984454036 0.003041883 0.175616339 56.025325775
0.136626631 0.051999219 0.989256918 7.511011124 -0.001613984 0.998631716 -0.052269086 -1.312876463 -0.990621328 0.005544703 0.136523575 56.062770844
0.103652358 0.052508764 0.993226647 8.052180290 0.006986544 0.998542428 -0.053518906 -1.351050854 -0.994589090 0.012486583 0.103134409 56.092113495
0.074898124 0.051214509 0.995875239 8.621205330 0.014651375 0.998515904 -0.052452222 -1.383723021 -0.997083545 0.018519511 0.074036598 56.108131409
0.050045624 0.049562566 0.997516394 9.175642967 0.021795271 0.998475850 -0.050703712 -1.414780378 -0.998509049 0.024278641 0.048889130 56.106914520
0.030254919 0.048547849 0.998362482 9.743401527 0.026305564 0.998435140 -0.049348567 -1.443350792 -0.999195993 0.027755529 0.028930495 56.100719452
0.014212146 0.050398417 0.998628080 10.331249237 0.029417368 0.998275578 -0.050799273 -1.471208572 -0.999466121 0.030098977 0.012705049 56.097507477
0.000589231 0.050398022 0.998729050 10.915681839 0.029509164 0.998293459 -0.050393444 -1.505952597 -0.999564290 0.029501356 -0.000898978 56.086666107
-0.010745238 0.051251195 0.998627961 11.523825645 0.031027047 0.998221874 -0.050896507 -1.541889668 -0.999460757 0.030437583 -0.012316304 56.069869995
-0.019908380 0.054031909 0.998340786 12.151377678 0.035743676 0.997938812 -0.053297371 -1.580989480 -0.999162614 0.034623306 -0.021798644 56.052181244
-0.025941297 0.055639859 0.998113871 12.780704498 0.039995018 0.997708261 -0.054577760 -1.620641828 -0.998862982 0.038503759 -0.028107159 56.015350342
-0.030665288 0.055469252 0.997989297 13.428472519 0.040302183 0.997715533 -0.054215666 -1.651816130 -0.998716891 0.038558606 -0.032830771 55.986255646
-0.034418590 0.052629739 0.998020768 14.085631371 0.037996702 0.997959316 -0.051316112 -1.691495419 -0.998684943 0.036155269 -0.036348119 55.969413757
-0.037055813 0.045746319 0.998265505 14.760259628 0.035978086 0.998365045 -0.044415370 -1.727138042 -0.998665333 0.034269825 -0.038641095 55.946056366
-0.038126171 0.040344439 0.998458147 15.444123268 0.037258994 0.998547375 -0.038925305 -1.761156321 -0.998578012 0.035717472 -0.039573975 55.910976410
-0.038761914 0.038003929 0.998525500 16.128601074 0.039712861 0.998545647 -0.036463071 -1.794580936 -0.998459041 0.038240917 -0.040214784 55.878913879
-0.038518168 0.040097822 0.998453081 16.818874359 0.043250691 0.998325109 -0.038424164 -1.836364746 -0.998321474 0.041703757 -0.040187918 55.845958710
-0.037249252 0.047496568 0.998176634 17.529880524 0.043971110 0.997980237 -0.045846347 -1.868266463 -0.998338163 0.042183191 -0.039262507 55.813842773
-0.035450451 0.055650901 0.997820735 18.233758926 0.044951919 0.997526705 -0.054037448 -1.903146982 -0.998359978 0.042938318 -0.037864391 55.791233063
-0.033153769 0.056307308 0.997862875 18.951065063 0.045917500 0.997443378 -0.054758035 -1.940804005 -0.998395026 0.044003937 -0.035654504 55.767169952
-0.030959660 0.051915459 0.998171508 19.685249329 0.045073848 0.997706831 -0.050493255 -1.983809233 -0.998503864 0.043428179 -0.033228695 55.742980957
-0.028429229 0.045738462 0.998548925 20.423671722 0.044803575 0.998006940 -0.044438064 -2.024534941 -0.998591244 0.043475218 -0.030421812 55.719425201
-0.025735579 0.044245996 0.998689234 21.174077988 0.042668939 0.998158216 -0.043122925 -2.066152096 -0.998757720 0.041503210 -0.027576113 55.698596954
-0.022293137 0.050026603 0.998499095 21.904491425 0.050230309 0.997542024 -0.048857175 -2.106447220 -0.998488784 0.049065739 -0.024751192 55.670650482
-0.019366045 0.055210195 0.998286963 22.622287750 0.052111149 0.997172832 -0.054137655 -2.154569387 -0.998453498 0.050973449 -0.022188358 55.657474518
-0.016974144 0.056220710 0.998273969 23.355548859 0.045760136 0.997415364 -0.055394266 -2.194687843 -0.998808265 0.044740882 -0.019502936 55.655082703
-0.013608051 0.052292638 0.998539090 24.115640640 0.041464608 0.997802079 -0.051688954 -2.243356228 -0.999047279 0.040700644 -0.015746431 55.649051666
-0.008766577 0.048518006 0.998783827 24.853448868 0.045631114 0.997801125 -0.048069753 -2.295250654 -0.998919845 0.045154218 -0.010961230 55.633186340
-0.004848478 0.049852721 0.998744786 25.586715698 0.050297353 0.997504532 -0.049546637 -2.337126255 -0.998722494 0.049993992 -0.007343837 55.613533020
-0.002368313 0.054294538 0.998522162 26.320383072 0.049830794 0.997290850 -0.054109406 -2.389053822 -0.998754859 0.049628995 -0.005067437 55.617485046
0.001899208 0.054845020 0.998493016 27.060390472 0.046166521 0.997425437 -0.054874189 -2.435984850 -0.998931944 0.046201166 -0.000637685 55.619709015
0.005540923 0.054160438 0.998516917 27.789760590 0.045360252 0.997490823 -0.054356489 -2.485047102 -0.998955369 0.045594156 0.003070289 55.623550415
0.008860260 0.051558156 0.998630702 28.553144455 0.049290881 0.997433364 -0.051933676 -2.531900883 -0.998745143 0.049683541 0.006296172 55.625637054
0.012782196 0.052077439 0.998561323 29.297847748 0.053660236 0.997168005 -0.052691676 -2.580929279 -0.998477459 0.054256547 0.009951509 55.620746613
0.016035715 0.053120367 0.998459458 30.034822464 0.057031404 0.996913373 -0.053954072 -2.630284786 -0.998243570 0.057808738 0.012956691 55.631809235
0.018950859 0.053109728 0.998408794 30.784740448 0.056585018 0.996930659 -0.054105144 -2.678268909 -0.998217881 0.057520326 0.015887475 55.639244080
0.022052493 0.051660784 0.998421133 31.531080246 0.058113806 0.996909201 -0.052866135 -2.727254391 -0.998066425 0.059187882 0.018982129 55.655853271
0.026050795 0.050827619 0.998367608 32.268604279 0.060017087 0.996825516 -0.052315164 -2.773881912 -0.997857332 0.061281975 0.022917574 55.667770386
0.028846212 0.050801083 0.998292089 33.023887634 0.058462270 0.996912360 -0.052420173 -2.826355934 -0.997872829 0.059874542 0.025787201 55.692008972
0.032298975 0.052804422 0.998082340 33.793567657 0.055679515 0.996957600 -0.054546762 -2.871140957 -0.997926116 0.057334550 0.029260581 55.713687897
0.035318647 0.053340152 0.997951567 34.545238495 0.057471395 0.996813715 -0.055313308 -2.913258314 -0.997722208 0.059307266 0.032140575 55.734542847
0.037881147 0.052942708 0.997878850 35.315929413 0.055218801 0.996958911 -0.054990105 -2.965461493 -0.997755468 0.057184763 0.034842514 55.770057678
0.039622936 0.052919637 0.997812390 36.049060822 0.053533956 0.997049928 -0.055005025 -3.016763687 -0.997779548 0.055596299 0.036673047 55.807907104
0.042788550 0.052557752 0.997700810 36.811637878 0.050773747 0.997210503 -0.054709468 -3.075478554 -0.997793078 0.052997950 0.040000636 55.839076996
0.045818917 0.055387542 0.997413099 37.557159424 0.049426679 0.997113049 -0.057641439 -3.112345219 -0.997726202 0.051939882 0.042949025 55.877223969
0.049149584 0.059321206 0.997028291 38.317642212 0.048310418 0.996925056 -0.061696585 -3.160371780 -0.997622371 0.051199209 0.046132628 55.916980743
0.052208208 0.060590766 0.996796489 39.080802917 0.048826151 0.996809065 -0.063148841 -3.226810217 -0.997441828 0.051966615 0.049083207 55.961410522
0.054894678 0.062637210 0.996525586 39.842784882 0.042565037 0.996976316 -0.065010294 -3.284793854 -0.997584462 0.045985863 0.052062538 56.015525818
0.057785563 0.062301137 0.996383131 40.624183655 0.038597807 0.997165263 -0.064588524 -3.332811832 -0.997582555 0.042190488 0.055217065 56.063976288
0.061618462 0.062490895 0.996141493 41.396175385 0.041113473 0.997032106 -0.065089926 -3.395005465 -0.997252643 0.044965576 0.058866367 56.111137390
0.065306664 0.063863762 0.995819509 42.157844543 0.040095657 0.996975958 -0.066567436 -3.453465700 -0.997059345 0.044275340 0.062548518 56.159038544
0.068233751 0.065002330 0.995549500 42.939418793 0.036074147 0.997061908 -0.067573555 -3.511337280 -0.997016966 0.040524397 0.065688372 56.234691620
0.073134929 0.062992975 0.995330811 43.729049683 0.034988824 0.997226775 -0.065683909 -3.569229364 -0.996708035 0.039629236 0.070728078 56.279670715
0.078117318 0.062857322 0.994960666 44.523410797 0.035246331 0.997212291 -0.065766871 -3.636012077 -0.996320903 0.040206239 0.075684078 56.339645386
0.083434954 0.066410355 0.994297981 45.307891846 0.031932991 0.997086167 -0.069276214 -3.696789265 -0.996001363 0.037530955 0.081071168 56.409988403
0.088989541 0.075065464 0.993199885 46.100681305 0.030143676 0.996496320 -0.078015447 -3.762679100 -0.995576322 0.036881253 0.086415000 56.481945038
0.096688308 0.079975098 0.992096484 46.892196655 0.028898474 0.996120811 -0.083115920 -3.827929974 -0.994895101 0.036706414 0.094002068 56.557182312
0.103900447 0.083109312 0.991109192 47.696735382 0.024127031 0.995998740 -0.086048633 -3.899670601 -0.994295001 0.032853018 0.101479545 56.648883820
0.110569015 0.081096590 0.990554333 48.495647430 0.020331321 0.996272206 -0.083834164 -3.976792336 -0.993660390 0.029408744 0.108508050 56.751880646
0.117849097 0.079657391 0.989831448 49.303932190 0.020311948 0.996375561 -0.082602374 -4.050165653 -0.992823720 0.029840019 0.115803950 56.855850220
0.125536352 0.076158129 0.989161551 50.129512787 0.019744389 0.996659875 -0.079241253 -4.124973774 -0.991892517 0.029478047 0.123613358 56.961578369
0.132882208 0.070382409 0.988629758 50.923248291 0.017775806 0.997145712 -0.073377937 -4.200618267 -0.990972281 0.027324311 0.131251827 57.074207306
0.140094295 0.063294969 0.988113105 51.710693359 0.015068111 0.997702777 -0.066045627 -4.260836124 -0.990023494 0.024141610 0.138818786 57.184017181
0.147250205 0.060914360 0.987221718 52.520202637 0.015092119 0.997847140 -0.063821070 -4.328237057 -0.988984168 0.024296932 0.146013871 57.316234589
0.154984742 0.062300798 0.985950530 53.311027527 0.014888979 0.997748971 -0.065386765 -4.398382664 -0.987804651 0.024813749 0.153708279 57.437446594
0.160280004 0.068821818 0.984669387 54.096454620 0.014750848 0.997287989 -0.072104856 -4.468886375 -0.986961365 0.026081672 0.158830136 57.575233459
0.165840909 0.072841600 0.983458638 54.852336884 0.013355527 0.997010946 -0.076097526 -4.523711681 -0.986062050 0.025754694 0.164372370 57.687770844
0.170627534 0.075546131 0.982435167 55.630508423 0.012001039 0.996823192 -0.078736827 -4.599077225 -0.985262573 0.025224913 0.169178843 57.836189270
0.175724223 0.075358875 0.981550813 56.394718170 0.009791803 0.996882558 -0.078288980 -4.665503025 -0.984390676 0.023368422 0.174438521 57.977577209
0.181206882 0.071799666 0.980820537 57.144062042 0.013057166 0.997067750 -0.075401343 -4.745121002 -0.983358204 0.026469979 0.179738075 58.105964661
0.185874254 0.065478750 0.980389357 57.897891998 0.014430678 0.997487545 -0.069356658 -4.802852154 -0.982467592 0.027039301 0.184462354 58.245037079
0.189367399 0.059161220 0.980122447 58.641613007 0.012549642 0.997955859 -0.062662371 -4.867661953 -0.981826067 0.024166400 0.188237891 58.389415741
0.192176819 0.056028143 0.979759634 59.380352020 0.009008961 0.998226106 -0.058851246 -4.926355362 -0.981318891 0.020136463 0.191331163 58.550872803
0.196051970 0.055863272 0.979000926 60.094131470 0.007187542 0.998267293 -0.058402002 -4.987315655 -0.980567098 0.018486440 0.195310771 58.687763214
0.197519898 0.058235064 0.978567600 60.804615021 0.005237773 0.998157024 -0.060458053 -5.039619923 -0.980284870 0.017067185 0.196850851 58.842681885
0.199114755 0.062573269 0.977976501 61.503845215 0.001170957 0.997943521 -0.064089216 -5.096321106 -0.979975462 0.013906279 0.198632017 58.990276337
0.201005697 0.066994727 0.977296531 62.192153931 -0.000299265 0.997662783 -0.068329304 -5.151922703 -0.979589999 0.013442107 0.200555950 59.140594482
0.202642873 0.072117008 0.976593614 62.870857239 -0.000269756 0.997288644 -0.073589265 -5.212254524 -0.979252696 0.014648900 0.202112898 59.293788910
0.204594269 0.074101321 0.976037979 63.543254852 0.000112136 0.997128725 -0.075726032 -5.273042679 -0.978846908 0.015602562 0.203998521 59.431682587
0.206135169 0.073650047 0.975747943 64.201332092 -0.001652967 0.997188210 -0.074919179 -5.332295895 -0.978522182 0.013830600 0.205677301 59.571643829
0.207138464 0.071099117 0.975724578 64.879928589 -0.001711975 0.997380435 -0.072313681 -5.388664722 -0.978310168 0.013308530 0.206717551 59.710723877
0.208003148 0.068637282 0.975716949 65.535209656 -0.001804979 0.997560084 -0.069789074 -5.447682858 -0.978126466 0.012755197 0.207619518 59.847557068
0.207982048 0.067646392 0.975790679 66.183570862 -0.000625045 0.997614682 -0.069026105 -5.500263691 -0.978132486 0.013746278 0.207528219 59.984977722
0.206367195 0.067041680 0.976175189 66.813316345 -0.000953147 0.997663260 -0.068315946 -5.554324627 -0.978474200 0.013167730 0.205948845 60.118816376
0.204638511 0.067880496 0.976481020 67.426979065 -0.002517283 0.997625768 -0.068822831 -5.613328934 -0.978834450 0.011625722 0.204323500 60.245460510
0.202514932 0.069982164 0.976775408 68.034729004 -0.002122428 0.997472405 -0.071024984 -5.667884827 -0.979276836 0.012310483 0.202151552 60.377105713
0.200409085 0.073861316 0.976924181 68.633491516 -0.000233593 0.997157574 -0.075343192 -5.722187519 -0.979712248 0.014871257 0.199856713 60.494941711
0.199144170 0.074353889 0.977145433 69.241104126 0.002302749 0.997079253 -0.076340035 -5.773791313 -0.979967475 0.017452791 0.198391303 60.615108490
0.196683928 0.073742613 0.977689862 69.821601868 0.001712458 0.997140288 -0.075554162 -5.818011284 -0.980465531 0.016534541 0.195995152 60.730842590
0.193891183 0.070801534 0.978464723 70.403839111 0.001128348 0.997375488 -0.072393507 -5.873969555 -0.981022418 0.015140510 0.193302408 60.850963593
0.191836074 0.066765130 0.979153454 70.979454041 0.001726145 0.997658849 -0.068365134 -5.928581715 -0.981425464 0.014805059 0.191271707 60.963417053
0.190290049 0.066083550 0.979501188 71.531707764 0.005247299 0.997649133 -0.068327338 -5.978090286 -0.981713951 0.018141745 0.189495951 61.055034637
0.188125893 0.067531899 0.979820430 72.086822510 0.008288153 0.997488558 -0.070340976 -6.025960445 -0.982109904 0.021353858 0.187093705 61.163322449
0.185955241 0.069454625 0.980100393 72.635719299 0.012674669 0.997246027 -0.073074430 -6.070625305 -0.982476532 0.026011020 0.184562802 61.258926392
0.184530780 0.071494512 0.980222821 73.179718018 0.011998284 0.997112513 -0.074985094 -6.114204407 -0.982753456 0.025598051 0.183140129 61.351711273
0.182834849 0.074024685 0.980352819 73.717887878 0.011357408 0.996935785 -0.077394977 -6.163892269 -0.983078063 0.025284767 0.181433886 61.454734802
0.181745961 0.072514661 0.980668128 74.263488770 0.013443870 0.997000813 -0.076213911 -6.210625648 -0.983253598 0.027035542 0.180225998 61.551494598
0.182582006 0.070999078 0.980623782 74.809593201 0.019647745 0.996926606 -0.075837635 -6.254289627 -0.982994258 0.033113632 0.180625871 61.638324738
0.184500128 0.069027320 0.980405450 75.361541748 0.024670780 0.996890903 -0.074830763 -6.299693584 -0.982522786 0.037993647 0.182223558 61.739265442
0.186859399 0.068455622 0.979998648 75.911361694 0.027341161 0.996820390 -0.074843891 -6.348545551 -0.982006133 0.040779583 0.184393585 61.835247040
0.189982906 0.068507157 0.979394317 76.472221375 0.024198465 0.996932745 -0.074427962 -6.397704601 -0.981489122 0.037839875 0.187742397 61.955436707
0.195775881 0.069149524 0.978207648 77.024246216 0.022957327 0.996914208 -0.075066514 -6.445095539 -0.980379879 0.037153244 0.193584263 62.059143066
0.202517480 0.068177931 0.976902485 77.582260132 0.024395980 0.996912718 -0.074631877 -6.489089966 -0.978974700 0.038946752 0.200228930 62.171470642
0.210040927 0.068781771 0.975270271 78.152854919 0.022273455 0.996926725 -0.075106099 -6.531804562 -0.977438867 0.037497982 0.207863376 62.300754547
0.218282461 0.066557132 0.973613262 78.724105835 0.022766577 0.997052729 -0.073263682 -6.581937790 -0.975619972 0.038158022 0.216123849 62.441249847
0.227180570 0.066149130 0.971603453 79.290802002 0.019333566 0.997187376 -0.072411530 -6.633161545 -0.973660707 0.035235051 0.225262702 62.579444885
0.236604288 0.066041626 0.969359040 79.890151978 0.018057346 0.997216105 -0.072346993 -6.682996750 -0.971438289 0.034621660 0.234753042 62.747348785
0.246250898 0.070079781 0.966669202 80.455497742 0.011933352 0.997087777 -0.075324915 -6.731688499 -0.969132602 0.030084433 0.244697452 62.902755737
0.255348384 0.072321951 0.964140475 81.050857544 0.008665618 0.996987164 -0.077080905 -6.779548168 -0.966810286 0.028037354 0.253952324 63.081100464
0.266455710 0.075001493 0.960924625 81.647933960 0.004437169 0.996861875 -0.079036824 -6.833584785 -0.963836968 0.025323598 0.265286684 63.249351501
0.276862800 0.077559724 0.957774282 82.258529663 0.002725971 0.996669829 -0.081497461 -6.883102417 -0.960905612 0.025174474 0.275729418 63.429374695
0.286526114 0.077912927 0.954899132 82.860244751 -0.000668046 0.996703863 -0.081123434 -6.940979481 -0.958072126 0.022606067 0.285633743 63.622299194
0.296775013 0.078344427 0.951728344 83.488700867 -0.001249165 0.996659994 -0.081653595 -6.995185375 -0.954946578 0.023043882 0.295881659 63.829658508
0.306987971 0.079406045 0.948395014 84.130256653 -0.005754231 0.996649921 -0.081583671 -7.049946308 -0.951696038 0.019587921 0.306416452 64.047790527
0.317097306 0.074836075 0.945435822 84.779327393 -0.005123300 0.997002542 -0.077199504 -7.102617741 -0.948379159 0.019636003 0.316530257 64.280227661
0.328247786 0.068054631 0.942136884 85.432548523 -0.001854531 0.997445762 -0.071403682 -7.153906822 -0.944589853 0.021690881 0.327535599 64.507316589
0.339031518 0.063677892 0.938617468 86.095046997 -0.000339824 0.997714818 -0.067564443 -7.212022305 -0.940774977 0.022587510 0.338278443 64.751541138
0.349222451 0.060504496 0.935084343 86.773559570 -0.001537741 0.997948766 -0.063997827 -7.270437717 -0.937038660 0.020911567 0.348599195 65.014907837
0.358934700 0.058325019 0.931538522 87.444229126 0.004947432 0.997912824 -0.064387113 -7.312910080 -0.933349490 0.027719500 0.357897043 65.268531799
0.367454410 0.053090442 0.928524971 88.144905090 0.011543160 0.998032153 -0.061632752 -7.358118057 -0.929969847 0.033365339 0.366118461 65.543113708
0.374719054 0.043735843 0.926106274 88.861595154 0.020978140 0.998230994 -0.055630106 -7.409671307 -0.926901042 0.040273644 0.373138636 65.819564819
0.381837249 0.039266087 0.923395157 89.575225830 0.026130103 0.998239100 -0.053253904 -7.462181091 -0.923860133 0.044462733 0.380138874 66.107429504
0.389144689 0.039396208 0.920333803 90.288940430 0.027951555 0.998120010 -0.054544710 -7.519976616 -0.920752406 0.046950541 0.387311935 66.406455994
0.396395773 0.046515703 0.916900516 91.003669739 0.029542476 0.997552156 -0.063379124 -7.562690735 -0.917604268 0.052210730 0.394051284 66.716056824
0.403899133 0.049927201 0.913440049 91.705757141 0.034243234 0.996984661 -0.069635071 -7.622340202 -0.914162397 0.059404679 0.400971562 67.014884949
0.409079760 0.052017551 0.911014736 92.407485962 0.032312851 0.996921897 -0.071432389 -7.683890820 -0.911926389 0.058659028 0.406139702 67.333763123
0.413340956 0.053805199 0.908985257 93.108886719 0.024772203 0.997218788 -0.070292585 -7.749214649 -0.910239279 0.051572379 0.410858542 67.667251587
0.417347819 0.057499807 0.906925917 93.792961121 0.018106548 0.997271955 -0.071560070 -7.815397739 -0.908566475 0.046286736 0.415168166 67.998756409
0.421302319 0.060855795 0.904876113 94.468032837 0.016978860 0.997042060 -0.074959449 -7.881947994 -0.906761408 0.046944354 0.419022858 68.314689636
0.425095469 0.065305859 0.902789533 95.134582520 0.013360608 0.996832490 -0.078399815 -7.947611332 -0.905049920 0.045389228 0.422876447 68.633644104
0.428906292 0.067502059 0.900823355 95.808456421 0.011189750 0.996730745 -0.080016501 -8.016705513 -0.903279662 0.044399574 0.426748723 68.957611084
0.432625681 0.066365339 0.899127722 96.467956543 0.009720086 0.996885836 -0.078257874 -8.082343102 -0.901521206 0.042595964 0.430633277 69.283729553
0.436866730 0.063231885 0.897300959 97.124092102 0.010961383 0.997078061 -0.075599805 -8.148169518 -0.899459422 0.042862702 0.434897035 69.598640442
0.440297633 0.060635939 0.895802021 97.746780396 0.010330044 0.997308850 -0.072584175 -8.209656715 -0.897792399 0.041212317 0.438486308 69.900993347
0.444006354 0.059415407 0.894051671 98.372566223 0.009587047 0.997427046 -0.071046501 -8.278138161 -0.895972311 0.040116407 0.442294359 70.219009399
0.447447538 0.061033893 0.892225087 98.989402771 0.007641409 0.997371137 -0.072058685 -8.338100433 -0.894277513 0.039060343 0.445804894 70.531463623
0.449888736 0.061562974 0.890960276 99.589965820 0.008203176 0.997294366 -0.073052563 -8.402520180 -0.893046916 0.040174227 0.448166490 70.838439941
0.452084064 0.059279896 0.890003264 100.194160461 0.011045958 0.997340560 -0.072040118 -8.459954262 -0.891906917 0.042399134 0.450227022 71.144882202
0.454041392 0.058590919 0.889052033 100.792526245 0.012891514 0.997298896 -0.072308421 -8.513416290 -0.890887380 0.044292238 0.452059686 71.446121216
0.456179261 0.058229528 0.887980759 101.379760742 0.011795868 0.997373521 -0.071462825 -8.572192192 -0.889809728 0.043074369 0.454294264 71.742439270
0.458120644 0.057683595 0.887016416 101.955360413 0.013318446 0.997334719 -0.071736336 -8.628165245 -0.888790309 0.044677574 0.456131339 72.040763855
0.460895211 0.059660334 0.885446906 102.517944336 0.012356513 0.997209609 -0.073622614 -8.681509972 -0.887368500 0.044873346 0.458871990 72.326652527
0.463612705 0.059319787 0.884050071 103.072204590 0.015647827 0.997052610 -0.075108282 -8.741086006 -0.885899782 0.048654616 0.461318076 72.617950439
0.466870636 0.059009638 0.882354617 103.622207642 0.016933791 0.996991634 -0.075636268 -8.796120644 -0.884163499 0.050253961 0.464466900 72.902290344
0.469609678 0.057205863 0.881018877 104.154647827 0.019820845 0.996963978 -0.075299457 -8.856090546 -0.882651627 0.052823886 0.467050046 73.198570251
0.472758800 0.056629982 0.879370332 104.682388306 0.020910732 0.996930957 -0.075442530 -8.908427238 -0.880943716 0.054054398 0.470123708 73.481399536
0.475970626 0.056147289 0.877667069 105.198135376 0.021971755 0.996889293 -0.075689912 -8.962494850 -0.879186571 0.055310063 0.473256439 73.762695312
0.479805261 0.055155538 0.875639677 105.709037781 0.023334298 0.996866882 -0.075577490 -9.009243965 -0.877064645 0.056694910 0.477014989 74.035072327
0.483241916 0.054528099 0.873787105 106.213249207 0.024291316 0.996839225 -0.075641222 -9.068876266 -0.875149906 0.057778448 0.480389833 74.313682556
0.487120718 0.055870015 0.871545672 106.711799622 0.023718972 0.996737003 -0.077152275 -9.121859550 -0.873012483 0.058254629 0.484206200 74.589485168
0.491538972 0.056094695 0.869047105 107.211906433 0.025967818 0.996535361 -0.079011321 -9.171814919 -0.870468318 0.061404403 0.488379329 74.867919922
0.496188581 0.059448414 0.866177142 107.704139709 0.023641665 0.996358037 -0.081926234 -9.228155136 -0.867892861 0.061128728 0.492975980 75.157417297
0.501898587 0.065109544 0.862472415 108.187904358 0.020539084 0.995984316 -0.087140903 -9.279584885 -0.864682674 0.061450273 0.498545706 75.438377380
0.507677257 0.072649106 0.858478904 108.668975830 0.015120273 0.995533645 -0.093189068 -9.332038879 -0.861414731 0.060290407 0.504311264 75.738960266
0.513450503 0.078842156 0.854489565 109.146575928 0.009431938 0.995191574 -0.097492009 -9.398555756 -0.858067274 0.058116809 0.510238051 76.038810730
0.519968033 0.083547205 0.850090027 109.630157471 0.005872767 0.994832098 -0.101364665 -9.452851295 -0.854165554 0.057698771 0.516790152 76.345413208
0.525483072 0.083931483 0.846653938 110.110771179 0.001627051 0.995021284 -0.099649444 -9.511401176 -0.850802362 0.053741656 0.522730291 76.652381897
0.530866861 0.083109781 0.843370020 110.597885132 -0.005367092 0.995489299 -0.094721988 -9.576551437 -0.847438216 0.045758326 0.528918326 76.971504211
0.536181390 0.080765545 0.840229988 111.094779968 -0.011682493 0.996026576 -0.088286214 -9.639072418 -0.844021916 0.037521433 0.534994483 77.325988770
0.542011201 0.079149112 0.836635709 111.596961975 -0.018061612 0.996422052 -0.082564399 -9.698692322 -0.840177119 0.029639849 0.541501462 77.670158386
0.548289478 0.077043489 0.832732141 112.103179932 -0.020731468 0.996693552 -0.078562953 -9.756890297 -0.836031556 0.025811482 0.548073828 78.011917114
0.554490030 0.080813378 0.828257203 112.609741211 -0.025904674 0.996467650 -0.079883404 -9.809467316 -0.831787109 0.022838822 0.554624736 78.365898132
0.560727417 0.084951155 0.823631108 113.131523132 -0.029412573 0.996138752 -0.082719922 -9.858533859 -0.827477992 0.022158209 0.561060846 78.733650208
0.566506386 0.088178910 0.819325924 113.652954102 -0.032573923 0.995877445 -0.084657483 -9.921051979 -0.823413312 0.021270350 0.567043304 79.115173340
0.572871149 0.090493210 0.814634740 114.187202454 -0.034611490 0.995670855 -0.086263873 -9.974093437 -0.818914413 0.021222359 0.573523223 79.499076843
