1.000000000 0.000000000 0.000000000 0.000000000 0.000000000 1.000000000 0.000000000 0.000000000 0.000000000 0.000000000 1.000000000 0.000000000
0.999992490 0.001432557 -0.003606370 0.120873831 -0.001446856 0.999991119 -0.003965423 0.049390763 0.003600658 0.003970612 0.999985635 1.257407308
0.999995112 0.001448274 -0.002764641 0.115095317 -0.001458094 0.999992549 -0.003553212 0.025887474 0.002759475 0.003557226 0.999989867 2.484009027
0.999997973 0.000819074 -0.001808079 0.098675743 -0.000824969 0.999994278 -0.003261644 -0.000095419 0.001805397 0.003263129 0.999993086 3.706815243
0.999998510 0.000388206 -0.001646443 0.107819006 -0.000393545 0.999994576 -0.003243317 -0.028580427 0.001645174 0.003243960 0.999993384 4.942739964
0.999999762 -0.000001477 -0.000658928 0.086921282 -0.000000518 0.999995410 -0.003026976 -0.058245763 0.000658930 0.003026975 0.999995172 6.163374901
0.999999583 0.000216935 -0.000872663 0.106186792 -0.000220518 0.999991536 -0.004107540 -0.084840007 0.000871765 0.004107731 0.999991119 7.416290283
0.999999881 0.000259047 -0.000463850 0.103469178 -0.000261155 0.999989569 -0.004551979 -0.109764203 0.000462665 0.004552099 0.999989510 8.641558647
0.999999523 -0.000413622 -0.000783206 0.105887890 0.000411253 0.999995291 -0.003022088 -0.138710707 0.000784450 0.003021765 0.999995112 9.884180069
0.999998569 -0.000491327 -0.001563623 0.068564758 0.000488260 0.999997973 -0.001961058 -0.167478383 0.001564583 0.001960292 0.999996841 11.065367699
0.999986112 -0.002285670 -0.004742543 0.087052435 0.002274466 0.999994636 -0.002366529 -0.200739071 0.004747927 0.002355709 0.999985933 12.304138184
0.999975443 -0.001958328 -0.006722368 0.060338221 0.001939873 0.999994338 -0.002750771 -0.228435576 0.006727717 0.002737662 0.999973595 13.524200439
0.999964833 -0.001451404 -0.008261878 0.056798697 0.001426999 0.999994576 -0.002959054 -0.255119950 0.008266129 0.002947160 0.999961495 14.740063667
0.999957860 0.000025457 -0.009186335 0.029660791 -0.000053345 0.999995351 -0.003035565 -0.284027606 0.009186217 0.003035927 0.999953210 15.961021423
0.999949813 -0.000259446 -0.010017736 0.017946318 0.000227572 0.999994874 -0.003182822 -0.308707207 0.010018511 0.003180383 0.999944746 17.170978546
0.999942839 -0.000662401 -0.010681253 -0.008011863 0.000633479 0.999996126 -0.002710927 -0.338900298 0.010683008 0.002704006 0.999939263 18.395078659
0.999931812 -0.001567227 -0.011574699 -0.011270627 0.001540786 0.999996185 -0.002292910 -0.361451358 0.011578248 0.002274920 0.999930382 19.598680496
0.999925852 -0.001338119 -0.012103441 -0.040151238 0.001300783 0.999994397 -0.003092106 -0.391552508 0.012107510 0.003076133 0.999922037 20.817485809
0.999913394 -0.001388055 -0.013081631 -0.053885236 0.001335351 0.999990880 -0.004036698 -0.412323147 0.013087114 0.004018879 0.999906301 22.028263092
0.999901056 -0.000558174 -0.014051472 -0.074965090 0.000507447 0.999993324 -0.003613369 -0.439370155 0.014053395 0.003605881 0.999894738 23.245105743
0.999892950 -0.000983984 -0.014599288 -0.114243865 0.000931885 0.999993145 -0.003574974 -0.470293343 0.014602706 0.003560986 0.999887049 24.456268311
0.999870360 -0.000598303 -0.016090499 -0.120269507 0.000529203 0.999990582 -0.004298352 -0.500862479 0.016092919 0.004289280 0.999861300 25.674388885
0.999860227 0.000124045 -0.016719369 -0.162051529 -0.000184419 0.999993443 -0.003609487 -0.529628277 0.016718812 0.003612066 0.999853730 26.896020889
0.999842286 -0.001460184 -0.017699398 -0.183012307 0.001426889 0.999997199 -0.001893609 -0.556674004 0.017702116 0.001868056 0.999841511 28.102291107
0.999827147 -0.001507663 -0.018532556 -0.219293475 0.001472507 0.999997079 -0.001910488 -0.582697630 0.018535383 0.001882868 0.999826372 29.314691544
0.999808192 -0.002088854 -0.019472197 -0.246150732 0.002038428 0.999994636 -0.002609127 -0.610955894 0.019477539 0.002568934 0.999807000 30.528280258
0.999779522 -0.002614661 -0.020831572 -0.277040482 0.002540088 0.999990344 -0.003605423 -0.638973832 0.020840794 0.003551714 0.999776542 31.745903015
0.999772668 -0.001766023 -0.021247607 -0.316376865 0.001692071 0.999992549 -0.003497998 -0.668214142 0.021253625 0.003461251 0.999768138 32.944885254
0.999756753 -0.001976786 -0.021962492 -0.351612628 0.001913209 0.999993861 -0.002915454 -0.698292077 0.021968121 0.002872727 0.999754548 34.160091400
0.999740779 -0.002592403 -0.022619376 -0.391266048 0.002533299 0.999993324 -0.002641224 -0.726792812 0.022626070 0.002583239 0.999740601 35.369842529
0.999721289 -0.003381741 -0.023365654 -0.425970703 0.003320356 0.999990940 -0.002665432 -0.757264793 0.023374457 0.002587107 0.999723434 36.583862305
0.999710023 -0.003214710 -0.023865340 -0.465294838 0.003146922 0.999991000 -0.002877422 -0.781350911 0.023874374 0.002801486 0.999710977 37.804489136
0.999699652 -0.004267515 -0.024129340 -0.499098301 0.004223573 0.999989271 -0.001871746 -0.816767931 0.024137069 0.001769272 0.999707103 39.016906738
0.999696016 -0.003806650 -0.024356518 -0.534485936 0.003788101 0.999992490 -0.000807635 -0.838757753 0.024359409 0.000715125 0.999702990 40.236125946
0.999689400 -0.003330155 -0.024695732 -0.574691772 0.003329831 0.999994397 -0.000054248 -0.865376174 0.024695776 -0.000028002 0.999695063 41.450462341
0.999697506 -0.002609397 -0.024455331 -0.613339365 0.002600929 0.999996483 -0.000378075 -0.890107274 0.024456235 0.000314354 0.999700844 42.673778534
0.999694705 -0.001667537 -0.024650581 -0.648633838 0.001654019 0.999998391 -0.000568757 -0.912986219 0.024651492 0.000527811 0.999696016 43.874195099
0.999716461 0.001432173 -0.023768967 -0.691514611 -0.001401405 0.999998152 0.001311063 -0.938101113 0.023770802 -0.001277381 0.999716580 45.102554321
0.999748886 0.001073960 -0.022382148 -0.734030485 -0.000982648 0.999991119 0.004090288 -0.958010972 0.022386342 -0.004067267 0.999741077 46.326705933
0.999792039 0.001618649 -0.020330204 -0.781702280 -0.001477924 0.999974847 0.006935089 -0.978081286 0.020340916 -0.006903600 0.999769270 47.556072235
0.999808192 0.002075642 -0.019475404 -0.792865872 -0.001868144 0.999941289 0.010666535 -0.994042695 0.019496404 -0.010628104 0.999753356 48.769969940
0.999837101 0.001230409 -0.018005488 -0.830231071 -0.001015642 0.999928236 0.011932101 -1.006275415 0.018018879 -0.011911871 0.999766588 49.995483398
0.999850214 -0.000596832 -0.017296949 -0.841290474 0.000776321 0.999945879 0.010372036 -1.016102552 0.017289825 -0.010383910 0.999796569 51.225677490
0.999866664 0.000836115 -0.016313123 -0.877967060 -0.000690313 0.999959826 0.008941268 -1.030046582 0.016319945 -0.008928812 0.999826968 52.451343536
0.999887109 0.000711813 -0.015003948 -0.909936368 -0.000588291 0.999965847 0.008235466 -1.041797519 0.015009299 -0.008225708 0.999853432 53.675907135
0.999885857 0.000450847 -0.015098945 -0.941117227 -0.000338178 0.999971986 0.007463762 -1.050816059 0.015101890 -0.007457803 0.999858081 54.900146484
0.999859691 -0.000356021 -0.016748076 -0.947861671 0.000462405 0.999979734 0.006348523 -1.066105127 0.016745476 -0.006355376 0.999839604 56.146736145
0.999829948 0.000344616 -0.018438922 -0.984068930 -0.000219155 0.999976754 0.006805709 -1.077591896 0.018440839 -0.006800510 0.999806821 57.379669189
0.999799192 -0.000152047 -0.020040108 -1.009184003 0.000309407 0.999969125 0.007849398 -1.094639301 0.020038297 -0.007854023 0.999768317 58.598957062
0.999783754 -0.000655153 -0.020788021 -1.050289631 0.000825642 0.999966025 0.008193794 -1.110871196 0.020781949 -0.008209185 0.999750316 59.824832916
0.999753833 0.000693151 -0.022172876 -1.078460217 -0.000511923 0.999966383 0.008178010 -1.128478765 0.022177799 -0.008164646 0.999720633 61.044551849
0.999733567 0.001061414 -0.023054400 -1.117596507 -0.000875033 0.999966860 0.008092978 -1.141297817 0.023062225 -0.008070651 0.999701440 62.266525269
0.999727726 -0.000148076 -0.023334241 -1.147243500 0.000328492 0.999970198 0.007728176 -1.163610578 0.023332398 -0.007733738 0.999697864 63.480842590
0.999714077 -0.001351159 -0.023874549 -1.186673880 0.001515498 0.999975324 0.006866691 -1.180537939 0.023864685 -0.006900908 0.999691367 64.706794739
0.999707282 -0.001503762 -0.024146998 -1.219467878 0.001702416 0.999964833 0.008208409 -1.198156834 0.024133807 -0.008247116 0.999674678 65.918495178
0.999691129 -0.001827223 -0.024783321 -1.253084779 0.002070101 0.999950051 0.009777963 -1.213700652 0.024764217 -0.009826249 0.999645054 67.145416260
0.999679923 -0.001469450 -0.025256848 -1.293741941 0.001675807 0.999965429 0.008151120 -1.227880001 0.025243999 -0.008190837 0.999647796 68.363975525
0.999676466 0.000597437 -0.025433283 -1.333775759 -0.000425355 0.999976993 0.006770858 -1.238896251 0.025436746 -0.006757847 0.999653578 69.579383850
0.999659598 0.002416392 -0.025979688 -1.377362728 -0.002226526 0.999970675 0.007334697 -1.257672787 0.025996648 -0.007274355 0.999635577 70.797790527
0.999666989 0.004371125 -0.025431408 -1.426108122 -0.004187348 0.999964774 0.007275167 -1.269740820 0.025462313 -0.007166255 0.999650121 72.004425049
0.999667585 0.006166754 -0.025029646 -1.476384401 -0.005985669 0.999955416 0.007303302 -1.282242298 0.025073567 -0.007151057 0.999660075 73.212608337
0.999676883 0.006905138 -0.024467666 -1.513362527 -0.006696425 0.999940574 0.008601818 -1.299827576 0.024525613 -0.008435192 0.999663591 74.410087585
0.999709010 0.009098914 -0.022342186 -1.561211705 -0.008896568 0.999918640 0.009139462 -1.310222268 0.022423530 -0.008938035 0.999708593 75.608253479
0.999781072 0.007454401 -0.019550497 -1.597261786 -0.007311395 0.999946058 0.007375950 -1.335797071 0.019604426 -0.007231393 0.999781668 76.812286377
0.999840081 0.004364747 -0.017340582 -1.627999783 -0.004329938 0.999988556 0.002044466 -1.351198554 0.017349308 -0.001969054 0.999847591 78.004844666
0.999871314 0.005347678 -0.015125270 -1.651849508 -0.005318434 0.999983907 0.001973006 -1.371633410 0.015135577 -0.001892310 0.999883652 79.210952759
0.999911904 0.004223933 -0.012581062 -1.675644875 -0.004153977 0.999975741 0.005581494 -1.392226815 0.012604333 -0.005528742 0.999905288 80.409011841
0.999948084 0.004766402 -0.008998564 -1.705564141 -0.004704818 0.999965370 0.006852705 -1.410063267 0.009030917 -0.006810013 0.999936044 81.588813782
0.999976873 0.004755962 -0.004864158 -1.724397063 -0.004731080 0.999975681 0.005114208 -1.428025723 0.004888363 -0.005091077 0.999975085 82.784446716
0.999992609 0.003455186 -0.001680704 -1.737001419 -0.003451206 0.999991238 0.002365092 -1.449655056 0.001688861 -0.002359275 0.999995768 83.965576172
0.999995708 0.002540360 0.001470519 -1.742316008 -0.002538371 0.999995887 -0.001353181 -1.471012592 -0.001473950 0.001349442 0.999997973 85.154693604
0.999986291 0.001758661 0.004933702 -1.747738242 -0.001748024 0.999996066 -0.002159429 -1.496904969 -0.004937481 0.002150776 0.999985516 86.331390381
0.999964297 0.001853996 0.008240884 -1.748911142 -0.001849763 0.999998152 -0.000521219 -1.522760034 -0.008241831 0.000505957 0.999965906 87.512161255
0.999922514 0.002779149 0.012133738 -1.749943018 -0.002781334 0.999996126 0.000163081 -1.550798655 -0.012133242 -0.000196816 0.999926388 88.683158875
0.999873638 0.001922628 0.015780106 -1.744845033 -0.001896491 0.999996841 -0.001671144 -1.579998016 -0.015783267 0.001641006 0.999874175 89.854942322
0.999819160 0.001977997 0.018912893 -1.731750011 -0.001898102 0.999989212 -0.004241416 -1.602793336 -0.018921072 0.004204751 0.999812126 91.041839600
0.999761939 0.001838069 0.021741191 -1.714460850 -0.001741361 0.999988556 -0.004466229 -1.630467176 -0.021749150 0.004427306 0.999753654 92.212890625
0.999698043 0.000803869 0.024557106 -1.688517332 -0.000715449 0.999993145 -0.003609157 -1.653584361 -0.024559841 0.003590499 0.999691844 93.395652771
0.999636114 0.000410611 0.026971471 -1.665411711 -0.000359871 0.999998093 -0.001886078 -1.679643393 -0.026972197 0.001875685 0.999634385 94.576477051
0.999561727 -0.000382357 0.029599750 -1.632139206 0.000390998 0.999999881 -0.000286118 -1.704536319 -0.029599622 0.000297566 0.999561727 95.753334045
0.999490678 -0.002002307 0.031848002 -1.602074146 0.001987507 0.999997973 0.000496367 -1.725150943 -0.031848922 -0.000432816 0.999492586 96.930992126
0.999422193 -0.003256653 0.033833880 -1.564413548 0.003307417 0.999993503 -0.001444503 -1.752721548 -0.033828948 0.001555571 0.999426425 98.100799561
0.999343038 -0.004702318 0.035933431 -1.528584957 0.004887803 0.999975145 -0.005075793 -1.774692416 -0.035908673 0.005248095 0.999341249 99.281089783
0.999267876 -0.003819851 0.038066257 -1.500078201 0.004121902 0.999960542 -0.007859548 -1.801035047 -0.038034733 0.008010699 0.999244332 100.462585449
0.999212503 -0.003907545 0.039485108 -1.459464073 0.004252977 0.999953389 -0.008668187 -1.831644535 -0.039449401 0.008829289 0.999182522 101.662704468
0.999199867 -0.003758640 0.039818559 -1.422728062 0.004084613 0.999958813 -0.008108269 -1.861299276 -0.039786443 0.008264421 0.999173999 102.859794617
0.999239743 -0.003798932 0.038801994 -1.386780739 0.004044961 0.999972224 -0.006264076 -1.892046690 -0.038777124 0.006416264 0.999227285 104.060783386
0.999287248 -0.004265160 0.037507769 -1.354093075 0.004448462 0.999978542 -0.004804928 -1.923231840 -0.037486475 0.004968355 0.999284744 105.261650085
0.999366105 -0.003582184 0.035418797 -1.323477268 0.003721965 0.999985516 -0.003881377 -1.949217081 -0.035404380 0.004010743 0.999365032 106.478141785
0.999441564 -0.003590521 0.033221856 -1.297468185 0.003714099 0.999986351 -0.003658804 -1.972970486 -0.033208266 0.003780151 0.999441326 107.690460205
0.999531806 -0.002756440 0.030472668 -1.282830238 0.002870703 0.999989033 -0.003706567 -1.998161077 -0.030462114 0.003792309 0.999528766 108.913543701
0.999652863 -0.001746597 0.026293859 -1.254566193 0.001852431 0.999990225 -0.004001231 -2.027089596 -0.026286617 0.004048549 0.999646246 110.138710022
0.999736011 -0.001437688 0.022933777 -1.251674891 0.001530064 0.999990761 -0.004010905 -2.046688080 -0.022927796 0.004044935 0.999728978 111.380775452
0.999829471 -0.000755557 0.018449387 -1.225345612 0.000804436 0.999996126 -0.002642103 -2.077495098 -0.018447319 0.002656494 0.999826312 112.624343872
0.999900639 -0.000609557 0.014092564 -1.218160272 0.000635280 0.999998152 -0.001820859 -2.105329514 -0.014091420 0.001829631 0.999899149 113.859840393
0.999954343 -0.000545838 0.009538937 -1.218015313 0.000558498 0.999999106 -0.001324575 -2.129172325 -0.009538209 0.001329842 0.999953568 115.099342346
0.999988139 0.000171143 0.004867891 -1.226516843 -0.000165012 0.999999166 -0.001259723 -2.152619123 -0.004868099 0.001258905 0.999987304 116.338111877
0.999999583 0.000858255 -0.000137900 -1.238261223 -0.000858433 0.999998927 -0.001296702 -2.178205967 0.000136783 0.001296820 0.999999106 117.581024170
0.999986768 0.001348461 -0.004967587 -1.260747910 -0.001357002 0.999997616 -0.001716369 -2.199447632 0.004965262 0.001723087 0.999986172 118.830009460
0.999949217 0.002349293 -0.009800553 -1.285608768 -0.002372379 0.999994457 -0.002344724 -2.223149776 0.009794993 0.002367855 0.999949157 120.075012207
0.999901950 0.004456648 -0.013276429 -1.318803430 -0.004490442 0.999986768 -0.002516764 -2.246778488 0.013265037 0.002576134 0.999908686 121.329467773
0.999861658 0.006202459 -0.015432070 -1.351727366 -0.006239732 0.999977708 -0.002368243 -2.275547504 0.015417038 0.002464207 0.999878049 122.581062317
0.999839008 0.007734991 -0.016188581 -1.396413445 -0.007782506 0.999965608 -0.002874128 -2.300010443 0.016165793 0.002999653 0.999864757 123.841529846
0.999802113 0.009542684 -0.017452912 -1.427993774 -0.009587357 0.999950945 -0.002477864 -2.329751015 0.017428409 0.002644701 0.999844611 125.102592468
0.999787688 0.011175970 -0.017309502 -1.488222957 -0.011208727 0.999935508 -0.001796552 -2.356098413 0.017288309 0.001990188 0.999848604 126.357284546
0.999771595 0.010486991 -0.018620873 -1.512636542 -0.010514065 0.999943733 -0.001356701 -2.376843691 0.018605599 0.001552173 0.999825716 127.604148865
0.999709010 0.014389575 -0.019356690 -1.560952902 -0.014381930 0.999896348 0.000534174 -2.397086620 0.019362370 -0.000255632 0.999812484 128.867858887
0.999683201 0.015218809 -0.020048035 -1.602629542 -0.015149551 0.999878705 0.003602034 -2.416805506 0.020100424 -0.003297174 0.999792516 130.132446289
0.999683499 0.014092810 -0.020838611 -1.642140269 -0.014035294 0.999897301 0.002903699 -2.434554100 0.020877391 -0.002610303 0.999778628 131.408660889
0.999681711 0.013818358 -0.021107133 -1.683508754 -0.013786137 0.999903560 0.001671188 -2.455077410 0.021128191 -0.001379670 0.999775827 132.669265747
0.999691486 0.011436573 -0.022047224 -1.721735597 -0.011382915 0.999931872 0.002557748 -2.472532511 0.022074973 -0.002305997 0.999753654 133.942916870
0.999704182 0.009305274 -0.022471359 -1.769071698 -0.009203609 0.999946952 0.004623403 -2.494285345 0.022513188 -0.004415217 0.999736786 135.214340210
0.999721110 0.006156970 -0.022804551 -1.803279877 -0.006011989 0.999961317 0.006420682 -2.510794401 0.022843203 -0.006281790 0.999719322 136.492828369
0.999720275 0.004082559 -0.023299623 -1.845883369 -0.003909061 0.999964297 0.007487091 -2.528440237 0.023329360 -0.007393916 0.999700487 137.782165527
0.999730468 -0.000193250 -0.023215475 -1.878411531 0.000323383 0.999984205 0.005601846 -2.542916775 0.023214027 -0.005607844 0.999714792 139.064483643
0.999731004 -0.002818613 -0.023022892 -1.923737526 0.002927634 0.999984682 0.004702991 -2.560501099 0.023009285 -0.004769129 0.999723852 140.354949951
0.999726117 -0.003922879 -0.023071481 -1.959645987 0.004025572 0.999982178 0.004406387 -2.577064514 0.023053784 -0.004498058 0.999724090 141.642578125
0.999730647 -0.004126922 -0.022841040 -2.003191948 0.004233601 0.999980330 0.004624109 -2.592725754 0.022821510 -0.004719563 0.999728382 142.938705444
0.999754250 -0.003161515 -0.021942839 -2.047239304 0.003307486 0.999972641 0.006619212 -2.613202572 0.021921314 -0.006690160 0.999737263 144.226928711
0.999773502 -0.000730694 -0.021266198 -2.093096256 0.000903503 0.999966621 0.008117505 -2.628424644 0.021259557 -0.008134882 0.999740839 145.530715942
0.999785781 -0.000990600 -0.020674491 -2.134500980 0.001123420 0.999978840 0.006413750 -2.643853188 0.020667702 -0.006435604 0.999765635 146.833419800
0.999786675 -0.000563807 -0.020652033 -2.169418097 0.000663197 0.999988198 0.004806054 -2.667365074 0.020649083 -0.004818725 0.999775171 148.132659912
0.999787450 -0.001222130 -0.020578630 -2.206242323 0.001274586 0.999995947 0.002536163 -2.688524246 0.020575447 -0.002561854 0.999785006 149.421096802
0.999795973 -0.002093590 -0.020090559 -2.245196819 0.002064106 0.999996722 -0.001488162 -2.714873075 0.020093611 0.001446389 0.999796987 150.717910767
0.999812365 -0.002061870 -0.019262077 -2.292865038 0.001972451 0.999987185 -0.004660092 -2.745118141 0.019271441 0.004621224 0.999803543 152.018859863
0.999805212 -0.002483277 -0.019578649 -2.323626280 0.002364622 0.999978721 -0.006081266 -2.773716450 0.019593334 0.006033785 0.999789774 153.305526733
0.999801338 -0.002798812 -0.019734386 -2.361174107 0.002693908 0.999982119 -0.005340356 -2.811992407 0.019748980 0.005286132 0.999790967 154.617568970
0.999794662 -0.002208653 -0.020143658 -2.399101734 0.002114295 0.999986708 -0.004704343 -2.844995975 0.020153780 0.004660787 0.999785960 155.901596069
0.999801099 -0.001326028 -0.019898081 -2.445986509 0.001253348 0.999992490 -0.003664660 -2.880566597 0.019902790 0.003638992 0.999795318 157.192199707
0.999792516 -0.001100373 -0.020342978 -2.486620426 0.001037650 0.999994755 -0.003093557 -2.911238432 0.020346276 0.003071807 0.999788284 158.481018066
0.999774933 -0.001382300 -0.021170218 -2.521749973 0.001311920 0.999993563 -0.003338001 -2.945447445 0.021174695 0.003309476 0.999770284 159.789581299
0.999757648 -0.000875288 -0.021996794 -2.565525532 0.000806289 0.999994755 -0.003145444 -2.972225189 0.021999432 0.003126946 0.999753118 161.077743530
0.999728501 -0.001588325 -0.023246633 -2.602980137 0.001540924 0.999996722 -0.002056826 -3.000089884 0.023249824 0.002020447 0.999727666 162.373626709
0.999731600 -0.000542702 -0.023161134 -2.656447887 0.000505811 0.999998569 -0.001598601 -3.032171488 0.023161970 0.001586457 0.999730468 163.664733887
0.999701798 -0.000753435 -0.024408130 -2.699483395 0.000691276 0.999996543 -0.002554965 -3.059983253 0.024409972 0.002537330 0.999698818 164.946060181
0.999696851 0.000381925 -0.024618467 -2.742953539 -0.000479997 0.999992073 -0.003977905 -3.084276915 0.024616752 0.003988517 0.999688983 166.235275269
0.999673486 0.001330635 -0.025516305 -2.788727760 -0.001432608 0.999991059 -0.003978535 -3.114111423 0.025510786 0.004013791 0.999666452 167.522674561
0.999649882 0.000706323 -0.026451219 -2.835366964 -0.000836579 0.999987602 -0.004913634 -3.144085169 0.026447421 0.004934042 0.999637961 168.808166504
0.999634266 0.001195600 -0.027017305 -2.889408112 -0.001356203 0.999981582 -0.005926918 -3.176335096 0.027009720 0.005961392 0.999617338 170.094711304
0.999609649 0.001134323 -0.027915912 -2.935896158 -0.001291307 0.999983430 -0.005606100 -3.210868359 0.027909091 0.005639960 0.999594569 171.394454956
0.999589205 0.001401821 -0.028629003 -2.988148689 -0.001528400 0.999989092 -0.004399959 -3.241010189 0.028622523 0.004441907 0.999580443 172.688796997
0.999561727 0.001220736 -0.029577740 -3.031637430 -0.001334757 0.999991775 -0.003835532 -3.276175261 0.029572813 0.003873330 0.999555111 173.974288940
0.999558449 0.001687607 -0.029668314 -3.092865705 -0.001791512 0.999992371 -0.003475984 -3.304986238 0.029662222 0.003527600 0.999553740 175.269332886
0.999521673 0.002283838 -0.030841637 -3.148826838 -0.002384059 0.999992013 -0.003213159 -3.336380482 0.030834055 0.003285150 0.999519050 176.561004639
0.999497414 0.002686119 -0.031585321 -3.202433586 -0.002811222 0.999988377 -0.003917070 -3.369251013 0.031574432 0.004003894 0.999493361 177.861801147
0.999490917 0.003614351 -0.031698190 -3.270297289 -0.003764772 0.999981940 -0.004687016 -3.398021698 0.031680677 0.004803966 0.999486446 179.152999878
0.999473631 0.003844976 -0.032214660 -3.328114986 -0.003982797 0.999983191 -0.004215115 -3.429162025 0.032197915 0.004341201 0.999472022 180.441040039
0.999463379 0.003688077 -0.032547265 -3.382039547 -0.003877254 0.999975860 -0.005751190 -3.457284927 0.032525271 0.005874297 0.999453664 181.716445923
0.999467075 0.002611451 -0.032538701 -3.441914320 -0.002848937 0.999969602 -0.007254319 -3.489965916 0.032518767 0.007343154 0.999444187 182.993804932
0.999453247 -0.000675258 -0.033056095 -3.488242388 0.000438014 0.999974012 -0.007183725 -3.523842335 0.033060092 0.007165318 0.999427617 184.286560059
0.999418139 -0.000719624 -0.034100682 -3.539329529 0.000604057 0.999994040 -0.003399175 -3.558433056 0.034102924 0.003376600 0.999412596 185.573425293
0.999428391 -0.001578797 -0.033769425 -3.598166227 0.001613621 0.999998212 0.001004012 -3.589075089 0.033767778 -0.001057930 0.999429166 186.852828979
0.999427557 -0.000404906 -0.033829167 -3.656187534 0.000419343 0.999999821 0.000419666 -3.614671946 0.033828992 -0.000433612 0.999427557 188.130599976
0.999433756 0.000905539 -0.033634119 -3.717172146 -0.000998818 0.999995649 -0.002756641 -3.640805006 0.033631481 0.002788675 0.999430358 189.380264282
0.999417365 0.001322371 -0.034106720 -3.773059845 -0.001474353 0.999989092 -0.004431314 -3.670372963 0.034100492 0.004479018 0.999408364 190.641174316
0.999412775 0.001187538 -0.034242488 -3.833998442 -0.001336603 0.999989748 -0.004330683 -3.701931477 0.034236994 0.004373910 0.999404132 191.913284302
0.999420226 0.001249771 -0.034021825 -3.893061876 -0.001369057 0.999993086 -0.003483092 -3.730107069 0.034017228 0.003527652 0.999415040 193.180358887
0.999418795 0.001291668 -0.034065370 -3.947751522 -0.001326808 0.999998629 -0.001008982 -3.767419815 0.034064021 0.001053594 0.999419034 194.438446045
0.999444902 0.000537387 -0.033312462 -4.006526470 -0.000538100 0.999999881 -0.000012442 -3.799528122 0.033312451 0.000030360 0.999444962 195.707641602
0.999481618 0.000540631 -0.032188147 -4.057651520 -0.000559828 0.999999642 -0.000587402 -3.826515913 0.032187816 0.000605117 0.999481678 196.960372925
0.999534011 -0.000644236 -0.030515626 -4.118591785 0.000585763 0.999997914 -0.001925076 -3.856666088 0.030516801 0.001906304 0.999532402 198.224517822
0.999556124 -0.000693302 -0.029784523 -4.159989357 0.000586546 0.999993384 -0.003592884 -3.884824753 0.029786821 0.003573820 0.999549866 199.453704834
0.999582767 -0.001530427 -0.028844312 -4.203388691 0.001414933 0.999990940 -0.004024036 -3.915129185 0.028850213 0.003981544 0.999575794 200.691848755
0.999629140 -0.000956402 -0.027214846 -4.258346558 0.000862684 0.999993682 -0.003455183 -3.949531794 0.027217979 0.003430424 0.999623597 201.936248779
0.999657094 -0.001422627 -0.026146933 -4.300724983 0.001388765 0.999998152 -0.001313194 -3.983448982 0.026148757 0.001276432 0.999657214 203.175064087
0.999685347 -0.000297517 -0.025088113 -4.347798347 0.000272545 0.999999464 -0.000998784 -4.015536785 0.025088402 0.000991632 0.999684691 204.407394409
0.999717951 -0.000324203 -0.023746572 -4.397695541 0.000307749 0.999999762 -0.000696580 -4.045799732 0.023746792 0.000689076 0.999717712 205.625961304
0.999737024 -0.000072948 -0.022932950 -4.437384129 0.000051879 0.999999523 -0.000919314 -4.070461750 0.022933008 0.000917882 0.999736607 206.846389771
0.999757946 -0.000607752 -0.021993378 -4.479027271 0.000591983 0.999999583 -0.000723480 -4.099331379 0.021993810 0.000710285 0.999757886 208.056137085
0.999779284 0.000211336 -0.021008015 -4.521144390 -0.000225432 0.999999702 -0.000668585 -4.128496647 0.021007868 0.000673174 0.999779165 209.263244629
0.999796093 -0.000198156 -0.020191772 -4.562521458 0.000189583 0.999999821 -0.000426509 -4.160156727 0.020191854 0.000422594 0.999796033 210.442474365
0.999792516 -0.001352292 -0.020323051 -4.592414856 0.001340978 0.999998868 -0.000570341 -4.186858177 0.020323800 0.000542970 0.999793291 211.625427246
0.999806285 -0.001292265 -0.019638512 -4.635928154 0.001299840 0.999999046 0.000372955 -4.215358257 0.019638013 -0.000398410 0.999807060 212.790954590
0.999793947 -0.001870489 -0.020210324 -4.671482086 0.001900107 0.999997139 0.001446358 -4.241620064 0.020207562 -0.001484462 0.999794722 213.947982788
0.999781191 -0.001803333 -0.020840395 -4.705792904 0.001832222 0.999997318 0.001367172 -4.269692421 0.020837875 -0.001405057 0.999781907 215.075241089
0.999769449 -0.001126961 -0.021443203 -4.741779327 0.001135362 0.999999225 0.000379612 -4.296619415 0.021442758 -0.000403870 0.999770045 216.194305420
0.999761641 -0.000795208 -0.021819167 -4.783604145 0.000785026 0.999999583 -0.000475261 -4.322698593 0.021819536 0.000458019 0.999761820 217.292343140
0.999743462 -0.001009870 -0.022626217 -4.818917274 0.000991789 0.999999106 -0.000810329 -4.345930576 0.022627017 0.000787681 0.999743700 218.381225586
0.999720097 -0.001334101 -0.023621937 -4.863451004 0.001317934 0.999998868 -0.000699940 -4.377543449 0.023622844 0.000668612 0.999720693 219.465042114
0.999680042 -0.001475826 -0.025252305 -4.900702953 0.001484324 0.999998808 0.000317778 -4.403473854 0.025251806 -0.000355159 0.999681056 220.536651611
0.999619603 -0.002693280 -0.027445497 -4.941733360 0.002747400 0.999994278 0.001934390 -4.428151131 0.027440131 -0.002009058 0.999621451 221.587951660
0.999567330 -0.002480580 -0.029308863 -4.987841606 0.002589496 0.999989808 0.003678755 -4.453364372 0.029299444 -0.003753059 0.999563634 222.629501343
0.999496520 -0.002403038 -0.031638067 -5.036815643 0.002530277 0.999988854 0.003982283 -4.480978966 0.031628150 -0.004060331 0.999491394 223.659118652
0.999393463 -0.002174675 -0.034757141 -5.078830719 0.002289073 0.999992073 0.003251893 -4.498098850 0.034749798 -0.003329482 0.999390423 224.671676636
0.999304593 -0.001764858 -0.037246544 -5.133557320 0.001888250 0.999992788 0.003277907 -4.518309593 0.037240494 -0.003345957 0.999300718 225.659561157
0.999200225 -0.001121406 -0.039971095 -5.187508583 0.001277719 0.999991775 0.003885315 -4.537943363 0.039966404 -0.003933280 0.999193251 226.624130249
0.999057293 -0.001289993 -0.043393258 -5.235541344 0.001467660 0.999990702 0.004062729 -4.564948082 0.043387607 -0.004122585 0.999049902 227.565063477
0.998937726 -0.001123350 -0.046068035 -5.293946266 0.001298227 0.999992073 0.003766321 -4.585800648 0.046063438 -0.003822127 0.998931170 228.488174438
0.998797834 -0.001280051 -0.049004074 -5.355241776 0.001409653 0.999995649 0.002610245 -4.602674961 0.049000524 -0.002676185 0.998795211 229.379333496
0.998661876 0.000037156 -0.051714975 -5.422665596 0.000078367 0.999997616 0.002231812 -4.622364521 0.051714927 -0.002232878 0.998659372 230.249816895
0.998503804 0.000365111 -0.054680973 -5.483461380 -0.000277253 0.999998629 0.001614322 -4.642424583 0.054681487 -0.001596747 0.998502612 231.092651367
0.998370945 0.001797675 -0.057027001 -5.543459892 -0.001715928 0.999997318 0.001482414 -4.663047791 0.057029516 -0.001382145 0.998371482 231.923309326
0.998332381 0.002880144 -0.057653464 -5.602871895 -0.002769432 0.999994159 0.002000101 -4.680344105 0.057658888 -0.001837099 0.998334646 232.755035400
0.998318136 0.002977010 -0.057895400 -5.652622700 -0.002825091 0.999992311 0.002705705 -4.699091434 0.057903014 -0.002537595 0.998318970 233.540237427
0.998339534 0.002759955 -0.057535395 -5.705570698 -0.002569441 0.999990940 0.003384947 -4.716765404 0.057544220 -0.003231493 0.998337686 234.310287476
0.998367012 0.002691740 -0.057061587 -5.759736061 -0.002512452 0.999991655 0.003213520 -4.736825943 0.057069752 -0.003064908 0.998365462 235.066070557
0.998384237 0.003033797 -0.056741919 -5.813696861 -0.002957716 0.999994576 0.001424762 -4.758314610 0.056745932 -0.001254634 0.998387873 235.809555054
0.998428941 0.002787320 -0.055963151 -5.861444473 -0.002826976 0.999995828 -0.000629455 -4.774096966 0.055961166 0.000786672 0.998432636 236.549591064
0.998488963 0.002957623 -0.054871842 -5.911346912 -0.003054221 0.999994040 -0.001676650 -4.796905041 0.054866549 0.001841708 0.998491943 237.291290283
0.998561621 0.003559496 -0.053497784 -5.960047245 -0.003671773 0.999991298 -0.002000587 -4.814185143 0.053490192 0.002194142 0.998565972 238.022888184
0.998645544 0.003116159 -0.051934283 -6.004440308 -0.003226993 0.999992728 -0.002050393 -4.832009315 0.051927507 0.002215208 0.998648405 238.753936768
0.998734117 0.002934246 -0.050213732 -6.049152851 -0.003070270 0.999991834 -0.002631988 -4.845844269 0.050205592 0.002782826 0.998735011 239.485214233
0.998821199 0.003135273 -0.048438460 -6.088711739 -0.003263358 0.999991357 -0.002565422 -4.866456985 0.048429992 0.002720470 0.998822868 240.205505371
0.998917341 0.002637158 -0.046444640 -6.127448082 -0.002766831 0.999992430 -0.002727926 -4.884856701 0.046437096 0.002853477 0.998917162 240.919021606
0.999044597 0.002441223 -0.043633442 -6.173128128 -0.002546378 0.999993920 -0.002354560 -4.903918743 0.043627433 0.002463418 0.999044836 241.646835327
0.999155343 0.001552740 -0.041063115 -6.196693897 -0.001606103 0.999997854 -0.001266582 -4.925695896 0.041061066 0.001331464 0.999155760 242.352264404
0.999297500 0.000957598 -0.037462391 -6.241108418 -0.001002342 0.999998748 -0.001175604 -4.940873623 0.037461221 0.001212328 0.999297321 243.067184448
0.999393463 0.000449323 -0.034819610 -6.273786545 -0.000493606 0.999999106 -0.001263185 -4.956591606 0.034819011 0.001279606 0.999392748 243.780517578
0.999496818 -0.000030868 -0.031719245 -6.302930832 -0.000022053 0.999998629 -0.001668067 -4.971137047 0.031719256 0.001667927 0.999495447 244.477554321
0.999584794 0.000015105 -0.028812999 -6.330354214 -0.000068347 0.999998391 -0.001846874 -4.988976955 0.028812919 0.001848077 0.999583066 245.179458618
0.999654770 0.000681268 -0.026266061 -6.355611324 -0.000752939 0.999995947 -0.002718871 -5.003162861 0.026264103 0.002737709 0.999651313 245.876663208
0.999735117 0.000695707 -0.023006236 -6.380855560 -0.000770895 0.999994338 -0.003259461 -5.018075466 0.023003837 0.003276333 0.999730051 246.581115723
0.999796748 0.001034218 -0.020136682 -6.405883789 -0.001079818 0.999996841 -0.002253759 -5.034438133 0.020134287 0.002275045 0.999794722 247.296264648
0.999835730 0.001467134 -0.018062267 -6.422695160 -0.001499700 0.999997258 -0.001789599 -5.048983097 0.018059593 0.001816393 0.999835193 248.005386353
0.999877214 0.000964918 -0.015639864 -6.441831112 -0.000990367 0.999998212 -0.001619529 -5.067719460 0.015638275 0.001634819 0.999876320 248.721527100
0.999905825 0.001163347 -0.013672478 -6.458373070 -0.001210222 0.999993384 -0.003420666 -5.081214905 0.013668409 0.003436890 0.999900639 249.439285278
0.999931455 0.000639638 -0.011688586 -6.477750778 -0.000705201 0.999984086 -0.005605930 -5.098265171 0.011684815 0.005613789 0.999915898 250.154891968
0.999935985 -0.000438088 -0.011307541 -6.486637115 0.000358451 0.999975145 -0.007043887 -5.116364002 0.011310346 0.007039384 0.999911189 250.893371582
0.999938011 -0.000185921 -0.011136042 -6.503059864 0.000101196 0.999971092 -0.007608219 -5.131909370 0.011137134 0.007606620 0.999908984 251.623336792
0.999938011 -0.000997017 -0.011087066 -6.517859459 0.000906775 0.999966443 -0.008141394 -5.152371883 0.011094814 0.008130837 0.999905348 252.360931396
0.999939442 0.000270714 -0.011001939 -6.533792496 -0.000364501 0.999963582 -0.008523507 -5.169344425 0.010999229 0.008527001 0.999903142 253.110076904
0.999941528 0.000989136 -0.010770047 -6.549789429 -0.001086144 0.999958873 -0.009005073 -5.186957836 0.010760698 0.009016246 0.999901414 253.863098145
0.999945045 -0.000154742 -0.010482633 -6.565208912 0.000040039 0.999940097 -0.010941500 -5.206157684 0.010483700 0.010940479 0.999885142 254.622009277
0.999941468 -0.003892202 -0.010094397 -6.579474926 0.003761124 0.999908805 -0.012971842 -5.229691505 0.010143963 0.012933116 0.999864936 255.378189087
0.999928474 -0.007188260 -0.009556476 -6.590301514 0.007056921 0.999881089 -0.013706789 -5.248328686 0.009653867 0.013638370 0.999860525 256.157714844
0.999948323 -0.004727722 -0.008998607 -6.609000206 0.004638941 0.999940634 -0.009861389 -5.265656471 0.009044697 0.009819137 0.999910891 256.944580078
0.999964893 -0.000593104 -0.008350497 -6.631881237 0.000557756 0.999991000 -0.004234570 -5.278309822 0.008352933 0.004229764 0.999956191 257.734069824
0.999970257 -0.001524457 -0.007557940 -6.647437572 0.001520267 0.999998689 -0.000560131 -5.303876877 0.007558780 0.000548624 0.999971271 258.544097900
0.999980211 -0.002728040 -0.005642564 -6.651657104 0.002713981 0.999993205 -0.002497892 -5.322200298 0.005649338 0.002482530 0.999980986 259.351562500
0.999997199 -0.001907308 -0.001373101 -6.667922974 0.001895165 0.999959588 -0.008791035 -5.334480286 0.001389811 0.008788409 0.999960423 260.162628174
0.999996185 0.000266097 0.002723357 -6.684457779 -0.000232223 0.999922693 -0.012431122 -5.354457855 -0.002726458 0.012430443 0.999918997 260.985565186
0.999980211 0.002224283 0.005869882 -6.691760540 -0.002155092 0.999928355 -0.011767726 -5.376350403 -0.005895639 0.011754843 0.999913573 261.819946289
0.999961019 0.000548651 0.008810726 -6.688044548 -0.000462728 0.999952376 -0.009751122 -5.398649216 -0.008815659 0.009746665 0.999913633 262.668853760
0.999932408 -0.003202348 0.011174101 -6.672332764 0.003275225 0.999973357 -0.006509760 -5.423252106 -0.011152960 0.006545918 0.999916434 263.517730713
0.999889433 -0.004453575 0.014177894 -6.673210144 0.004527608 0.999976277 -0.005193978 -5.439000607 -0.014154424 0.005257597 0.999885976 264.365081787
0.999848843 -0.004335871 0.016836962 -6.665678501 0.004413683 0.999979794 -0.004587089 -5.461149216 -0.016816732 0.004660709 0.999847710 265.217041016
0.999809682 -0.002382325 0.019359428 -6.655459881 0.002505121 0.999976933 -0.006321243 -5.485659599 -0.019343929 0.006368539 0.999792576 266.078369141
0.999760628 -0.001300051 0.021836827 -6.657176018 0.001498707 0.999957621 -0.009083423 -5.498292923 -0.021824090 0.009113977 0.999720275 266.919097900
0.999692619 -0.000745702 0.024781629 -6.650538921 0.000978679 0.999955475 -0.009390413 -5.517332077 -0.024773523 0.009411780 0.999648750 267.779266357
0.999620020 0.000108019 0.027564337 -6.640710831 0.000099763 0.999971628 -0.007536612 -5.538751602 -0.027564364 0.007536498 0.999591649 268.637390137
0.999539554 0.001773380 0.030291552 -6.626950264 -0.001606150 0.999983311 -0.005544105 -5.567763805 -0.030300872 0.005492900 0.999525666 269.483215332
0.999448061 0.002418716 0.033133950 -6.610409737 -0.002230284 0.999981105 -0.005722761 -5.588232517 -0.033147164 0.005645703 0.999434531 270.341766357
0.999353051 0.002727767 0.035862889 -6.592593193 -0.002496570 0.999975801 -0.006489912 -5.604272842 -0.035879724 0.006396179 0.999335587 271.198425293
0.999288619 0.000866438 0.037703313 -6.552650452 -0.000614464 0.999977350 -0.006694147 -5.630818367 -0.037708256 0.006666218 0.999266505 272.083862305
0.999197841 -0.003177081 0.039919838 -6.534652710 0.003407443 0.999977946 -0.005703918 -5.655634403 -0.039900821 0.005835367 0.999186635 272.922424316
0.999172747 -0.003916880 0.040478148 -6.502079964 0.004162229 0.999973476 -0.005978792 -5.674556255 -0.040453658 0.006142325 0.999162555 273.791503906
0.999163628 -0.004073967 0.040688220 -6.473263741 0.004321755 0.999972641 -0.006003820 -5.694150925 -0.040662643 0.006174643 0.999153852 274.649353027
0.999136925 -0.005174578 0.041214265 -6.450403214 0.005406369 0.999970317 -0.005514601 -5.724810600 -0.041184507 0.005732660 0.999135077 275.520935059
0.999133706 -0.005110292 0.041300759 -6.430237770 0.005317920 0.999973774 -0.004918910 -5.747292519 -0.041274548 0.005134283 0.999134600 276.399841309
0.999170601 -0.003988307 0.040524691 -6.402330399 0.004188740 0.999979496 -0.004862220 -5.761343479 -0.040504470 0.005027934 0.999166787 277.263244629
0.999223232 -0.004426484 0.039156061 -6.373620033 0.004638230 0.999975085 -0.005318565 -5.788539410 -0.039131530 0.005496049 0.999218881 278.133789062
0.999278665 -0.004596699 0.037696220 -6.351993561 0.004825346 0.999970496 -0.005976777 -5.814719200 -0.037667625 0.006154363 0.999271393 279.002227783
0.999341011 -0.004213511 0.036052000 -6.335239410 0.004459830 0.999967337 -0.006754636 -5.836925030 -0.036022350 0.006910971 0.999327064 279.875915527
0.999409497 -0.003180379 0.034212388 -6.315199852 0.003440840 0.999965489 -0.007556886 -5.854453087 -0.034187175 0.007670143 0.999385953 280.740142822
0.999452949 -0.001478430 0.033038907 -6.308189392 0.001724610 0.999970973 -0.007423945 -5.883400917 -0.033026971 0.007476863 0.999426484 281.594329834
0.999527574 -0.000871616 0.030719457 -6.291795731 0.001083703 0.999975801 -0.006888015 -5.905633926 -0.030712701 0.006918054 0.999504268 282.453063965
0.999607861 -0.001016030 0.027982963 -6.282297611 0.001170091 0.999984264 -0.005489720 -5.927507401 -0.027976938 0.005520311 0.999593258 283.325622559
0.999716818 -0.002264268 0.023689307 -6.270081997 0.002340551 0.999992132 -0.003192867 -5.948242188 -0.023681892 0.003247410 0.999714255 284.184661865
0.999818444 -0.003407681 0.018744405 -6.261335850 0.003437363 0.999992847 -0.001551519 -5.970058441 -0.018738985 0.001615668 0.999823034 285.048675537
0.999887109 -0.003955045 0.014495848 -6.265659332 0.003956999 0.999992192 -0.000106136 -5.992330074 -0.014495322 0.000163485 0.999894857 285.895843506
0.999945581 -0.004320869 0.009491953 -6.264431953 0.004314448 0.999990463 0.000696845 -6.012761593 -0.009494874 -0.000655855 0.999954641 286.735870361
0.999972999 -0.005127871 0.005254181 -6.273158073 0.005122411 0.999986351 0.001052026 -6.027387619 -0.005259504 -0.001025084 0.999985576 287.561706543
0.999984324 -0.005586449 0.000473464 -6.284126759 0.005586040 0.999984026 0.000861058 -6.040287971 -0.000478265 -0.000858400 0.999999464 288.373657227
0.999978542 -0.005648667 -0.003350799 -6.301891804 0.005651466 0.999983788 0.000826285 -6.062807083 0.003346081 -0.000845204 0.999994040 289.175994873
0.999958575 -0.005722136 -0.007081395 -6.317347527 0.005727030 0.999983430 0.000671115 -6.079241753 0.007077435 -0.000711643 0.999974668 289.956970215
