1.000000000 0.000000000 0.000000000 0.000000000 0.000000000 1.000000000 0.000000000 0.000000000 0.000000000 0.000000000 1.000000000 0.000000000
0.999979436 0.000378846 -0.006398531 -0.008840038 -0.000376442 0.999999881 0.000376946 -0.001788157 0.006398673 -0.000374529 0.999979436 0.095938399
0.999909818 0.001123804 -0.013382221 -0.019799156 -0.001122179 0.999999344 0.000128940 -0.001603186 0.013382358 -0.000113911 0.999910474 0.193622515
0.999780118 0.001509531 -0.020915443 -0.030519716 -0.001523898 0.999998629 -0.000670982 -0.001710774 0.020914400 0.000702707 0.999781013 0.294820726
0.999556005 0.001991155 -0.029729703 -0.048000731 -0.002050101 0.999996006 -0.001952375 -0.003215596 0.029725697 0.002012457 0.999556065 0.399241924
0.999152601 0.002058873 -0.041107196 -0.065071687 -0.002197393 0.999992073 -0.003324820 -0.007212854 0.041100025 0.003412331 0.999149203 0.519121170
0.998531938 0.002032005 -0.054128032 -0.094426915 -0.002251620 0.999989450 -0.003996646 -0.009164391 0.054119341 0.004112654 0.998525977 0.644193649
0.997534394 0.002351642 -0.070140034 -0.124458104 -0.002664231 0.999986947 -0.004363430 -0.006385173 0.070128858 0.004539541 0.997527599 0.782921374
0.996059418 0.000673167 -0.088685565 -0.151066944 -0.001048369 0.999990702 -0.004184184 -0.010202304 0.088681921 0.004260671 0.996050894 0.943615496
0.994142056 -0.000126201 -0.108081445 -0.196393162 -0.000350492 0.999990284 -0.004391485 -0.013199976 0.108080953 0.004403642 0.994132340 1.106505513
0.991536677 -0.000484853 -0.129825756 -0.243686497 -0.000123880 0.999989033 -0.004680729 -0.016794544 0.129826605 0.004657197 0.991525769 1.271557450
0.988191366 0.002885365 -0.153197423 -0.304039538 -0.003922808 0.999971390 -0.006470101 -0.013206162 0.153174400 0.006994662 0.988174438 1.445739031
0.983981788 0.007162117 -0.178124994 -0.375297248 -0.008718508 0.999930263 -0.007956406 -0.018311163 0.178055584 0.009381943 0.983975649 1.626575828
0.978781521 0.010277396 -0.204648882 -0.450687706 -0.012366697 0.999883533 -0.008932834 -0.024193093 0.204533264 0.011274123 0.978794634 1.810344338
0.972299337 0.010784451 -0.233490318 -0.532164931 -0.013298729 0.999869227 -0.009196543 -0.025013428 0.233360618 0.012046916 0.972315609 2.005501986
0.964523137 0.012935515 -0.263681054 -0.623912632 -0.015746944 0.999839365 -0.008551442 -0.031248387 0.263528079 0.012400234 0.964572012 2.203532934
0.955335557 0.014597976 -0.295162082 -0.724399090 -0.017648879 0.999814689 -0.007674877 -0.031828564 0.294995397 0.012541362 0.955416381 2.405008793
0.944291353 0.016494095 -0.328696877 -0.767041862 -0.019626005 0.999788105 -0.006212622 -0.043335557 0.328524768 0.012317535 0.944415033 2.518465757
0.932139099 0.018644793 -0.361620069 -0.879850626 -0.022177858 0.999738216 -0.005621742 -0.047560163 0.361420631 0.013260204 0.932308614 2.709877729
0.918611705 0.021674834 -0.394566596 -1.003490448 -0.025808958 0.999653518 -0.005172986 -0.045911334 0.394317806 0.014935315 0.918852866 2.900330544
0.903001308 0.022220301 -0.429062933 -1.118665457 -0.026697991 0.999633729 -0.004419302 -0.048206743 0.428807586 0.015445751 0.903263748 3.076660395
0.885069430 0.017690662 -0.465122819 -1.251505613 -0.022606427 0.999732018 -0.004992948 -0.048001155 0.464909852 0.014933869 0.885232031 3.273615837
0.864440978 0.012847275 -0.502570212 -1.390754223 -0.017933467 0.999825180 -0.005287611 -0.053539589 0.502414405 0.013583654 0.864520192 3.456457853
0.839852214 0.015122496 -0.542604327 -1.550981283 -0.019084796 0.999816477 -0.001674679 -0.062769629 0.542479455 0.011761979 0.839986563 3.651530981
0.811491728 0.020611230 -0.584000230 -1.739299297 -0.023758175 0.999715090 0.002270199 -0.069301702 0.583880663 0.012032535 0.811750233 3.829082489
0.779477060 0.023709288 -0.625981927 -1.940737963 -0.027040524 0.999625623 0.004190126 -0.073198035 0.625846922 0.013660771 0.779826283 4.012444019
0.744074225 0.023668941 -0.667677522 -2.160182238 -0.027015621 0.999620855 0.005329426 -0.077416778 0.667550504 0.014072237 0.744431496 4.195673466
0.703832269 0.019117218 -0.710108936 -2.378616810 -0.020735869 0.999764681 0.006362609 -0.075663112 0.710063517 0.010246513 0.704063118 4.396845818
0.661542237 0.015946681 -0.749738336 -2.623200178 -0.015551712 0.999850571 0.007544209 -0.079368785 0.749746561 0.006668900 0.661691427 4.566401005
0.617446840 0.015382616 -0.786462247 -2.892727613 -0.012958237 0.999872029 0.009383317 -0.076713979 0.786505818 0.004397465 0.617567122 4.727018356
0.568752527 0.015844913 -0.822356105 -3.185040712 -0.009792595 0.999873936 0.012492584 -0.076780483 0.822450399 0.000947812 0.568836033 4.908147335
0.518363297 0.016466703 -0.855002105 -3.489554405 -0.008333554 0.999864280 0.014204249 -0.070916183 0.855119944 -0.000237755 0.518430114 5.039590836
0.467457771 0.017980840 -0.883832574 -3.810950756 -0.008245315 0.999838233 0.015979946 -0.063119799 0.883976936 -0.000182472 0.467530489 5.142313957
0.414370418 0.019835038 -0.909892142 -4.127465248 -0.006943796 0.999802291 0.018632771 -0.059217133 0.910081744 -0.001402764 0.414426267 5.233757973
0.359976292 0.022000086 -0.932702065 -4.488941669 -0.007025481 0.999757528 0.020870272 -0.054757610 0.932934999 -0.000960124 0.360043645 5.316310883
0.306349188 0.024991700 -0.951591134 -4.872423172 -0.004823172 0.999683321 0.024702007 -0.048319161 0.951906979 -0.002977751 0.306372702 5.387982368
0.253259420 0.026699951 -0.967029810 -5.190270424 -0.000079862 0.999619603 0.027578849 -0.052338868 0.967398405 -0.006907375 0.253165185 5.453738213
0.203325957 0.027134947 -0.978735030 -5.584477425 0.001909003 0.999603033 0.028110083 -0.048653796 0.979109228 -0.007583919 0.203193456 5.491921902
0.156940222 0.028399572 -0.987199664 -6.001102448 -0.000997498 0.999590456 0.028597448 -0.044375330 0.987607598 -0.003503361 0.156904280 5.512362957
0.115436032 0.028671712 -0.992901027 -6.456944942 -0.003536473 0.999588728 0.028453680 -0.029859871 0.993308663 0.000226789 0.115489915 5.520892143
0.077869147 0.027142141 -0.996594071 -6.899159908 -0.003072702 0.999631107 0.026984764 -0.023235753 0.996958852 0.000960956 0.077923819 5.525737286
0.044106901 0.024396056 -0.998728931 -7.373325348 -0.002841416 0.999700785 0.024294309 -0.014545247 0.999022722 0.001766257 0.044163022 5.515406609
0.013459764 0.021753995 -0.999672771 -7.854878902 -0.002658117 0.999760449 0.021720113 -0.011405542 0.999905825 0.002364899 0.013514362 5.488357544
-0.012737356 0.019956050 -0.999719739 -8.361733437 -0.003189019 0.999794841 0.019998185 -0.003971517 0.999913812 0.003442849 -0.012671106 5.456762791
-0.033252630 0.017489407 -0.999293923 -8.878144264 -0.003502104 0.999838591 0.017615475 0.007755071 0.999440849 0.004085391 -0.033186018 5.424568653
-0.049282011 0.016700288 -0.998645306 -9.414637566 -0.003082315 0.999852836 0.016872594 0.017023399 0.998780072 0.003909655 -0.049223293 5.378392696
-0.062319152 0.017106835 -0.997909606 -9.961201668 -0.001960035 0.999849021 0.017262481 0.024145618 0.998054266 0.003031722 -0.062276218 5.332781792
-0.071631834 0.018331617 -0.997262657 -10.525383949 -0.002414063 0.999825001 0.018552115 0.025004476 0.997428179 0.003736377 -0.071575068 5.278209686
-0.078338891 0.019690774 -0.996732295 -11.104619026 -0.004727455 0.999786317 0.020122666 0.025006846 0.996915519 0.006288395 -0.078229070 5.219099522
-0.082674168 0.020733761 -0.996360958 -11.707092285 -0.004390581 0.999766231 0.021168940 0.030827522 0.996566892 0.006124727 -0.082563818 5.156414032
-0.084008016 0.021351345 -0.996236324 -12.334810257 -0.001920445 0.999765098 0.021588920 0.040385932 0.996463239 0.003726858 -0.083947271 5.097810268
-0.083136700 0.023420680 -0.996262848 -12.965545654 0.000160910 0.999724090 0.023488620 0.049030080 0.996538103 0.001792457 -0.083117522 5.043519020
-0.081607476 0.025862023 -0.996329010 -13.616632462 -0.000114865 0.999663055 0.025957976 0.054295272 0.996664524 0.002232809 -0.081576996 4.983121872
-0.079834096 0.025967628 -0.996469855 -14.276852608 -0.002502063 0.999652207 0.026251020 0.057502180 0.996805072 0.004588956 -0.079741366 4.919700623
-0.078431778 0.023422491 -0.996644318 -14.953954697 -0.004011753 0.999708593 0.023810210 0.068509758 0.996911407 0.005865769 -0.078314945 4.861071587
-0.077270813 0.023243507 -0.996739209 -15.647819519 -0.004289120 0.999711275 0.023645323 0.082236856 0.997000873 0.006102227 -0.077148803 4.803163052
-0.075751603 0.025838258 -0.996791959 -16.366376877 -0.004264442 0.999646783 0.026236335 0.093875527 0.997117579 0.006238206 -0.075614654 4.740446091
-0.073649906 0.029493565 -0.996847928 -17.085247040 -0.005440124 0.999535859 0.029975021 0.098067820 0.997269332 0.007630634 -0.073455274 4.679593563
-0.072015472 0.031443063 -0.996907830 -17.824476242 -0.005596307 0.999474585 0.031928290 0.108794510 0.997387767 0.007878332 -0.071801655 4.617566109
-0.070219502 0.030882837 -0.997053385 -18.574123383 -0.007455776 0.999476492 0.031482980 0.120152622 0.997503698 0.009644524 -0.069952473 4.553975105
-0.068362482 0.027705640 -0.997275829 -19.346256256 -0.010034453 0.999544680 0.028456528 0.135856867 0.997610092 0.011952475 -0.068053342 4.483562469
-0.067199074 0.027234012 -0.997367859 -20.119222641 -0.011071128 0.999545515 0.028039409 0.146730542 0.997678101 0.012926211 -0.066867031 4.434359550
-0.065711714 0.029396584 -0.997405529 -20.915374756 -0.008541463 0.999512732 0.030021423 0.162519187 0.997802019 0.010492061 -0.065428615 4.376827240
-0.064453453 0.031675041 -0.997417867 -21.721319199 -0.006428808 0.999462187 0.032155391 0.171301544 0.997900009 0.008484736 -0.064215161 4.315360069
-0.063295275 0.033380434 -0.997436464 -22.536331177 -0.005440968 0.999414206 0.033791896 0.182988465 0.997979999 0.007565886 -0.063076563 4.257287502
-0.062723525 0.028762084 -0.997616410 -23.352775574 -0.005346184 0.999560595 0.029154271 0.194692999 0.998016655 0.007162097 -0.062542200 4.196879387
-0.062396329 0.021802381 -0.997813344 -24.171106339 -0.003909848 0.999748468 0.022089157 0.202398837 0.998043776 0.005279580 -0.062295377 4.139154434
-0.062796302 0.017183008 -0.997878432 -25.005624771 -0.000434949 0.999851167 0.017244348 0.213486969 0.998026252 0.001516907 -0.062779479 4.084361076
-0.063032821 0.018267212 -0.997844398 -25.847574234 0.000296664 0.999832690 0.018284876 0.217974052 0.998011410 0.000856523 -0.063027710 4.021075249
-0.062825710 0.026094072 -0.997683406 -26.700159073 -0.000266721 0.999657691 0.026162505 0.217902571 0.998024464 0.001909781 -0.062797248 3.951075554
-0.063483395 0.032946102 -0.997439027 -27.558507919 -0.001321180 0.999451160 0.033096660 0.230562508 0.997982025 0.003418885 -0.063405037 3.893555403
-0.063196920 0.038138099 -0.997272074 -28.416460037 -0.003994310 0.999251842 0.038466930 0.239422321 0.997993052 0.006414406 -0.062997311 3.814607143
-0.063882150 0.038547687 -0.997212708 -29.275836945 -0.005932294 0.999221385 0.039005369 0.245974362 0.997939825 0.008407505 -0.063603729 3.748408794
-0.064142562 0.034824166 -0.997332990 -30.132465363 -0.006144967 0.999358177 0.035290100 0.263712049 0.997921884 0.008392176 -0.063887410 3.680126905
-0.064655699 0.032270886 -0.997385740 -30.982599258 -0.005963146 0.999446571 0.032724142 0.277992427 0.997889817 0.008063358 -0.064427488 3.617015839
-0.064816892 0.033279341 -0.997342169 -31.835023880 -0.007227759 0.999401867 0.033817798 0.294839919 0.997871101 0.009400511 -0.064537570 3.549800158
-0.064553477 0.036034338 -0.997263432 -32.682094574 -0.008922795 0.999287009 0.036685035 0.294510782 0.997874379 0.011266525 -0.064185925 3.484522820
-0.064542316 0.034660254 -0.997312784 -33.530406952 -0.009008541 0.999335706 0.035313547 0.307892263 0.997874320 0.011263551 -0.064187199 3.420251608
-0.063989349 0.029384283 -0.997518003 -34.380199432 -0.010221833 0.999494612 0.030098228 0.319264770 0.997898161 0.012122428 -0.063656673 3.347439528
-0.063836373 0.025410796 -0.997636795 -35.227817535 -0.011908570 0.999585211 0.026222425 0.327997744 0.997889340 0.013554373 -0.063507289 3.278216362
-0.063227192 0.025921151 -0.997662485 -36.074306488 -0.011315034 0.999579668 0.026688060 0.339397371 0.997934937 0.012975996 -0.062907331 3.214418411
-0.062728703 0.028358364 -0.997627556 -36.924545288 -0.010404668 0.999523342 0.029066473 0.344461381 0.997976363 0.012203289 -0.062403753 3.152084112
-0.062167294 0.033425178 -0.997505903 -37.781814575 -0.009849301 0.999369860 0.034101475 0.354471028 0.998017132 0.011944733 -0.061798908 3.087079287
-0.061418828 0.038737394 -0.997359991 -38.629943848 -0.009392222 0.999179900 0.039386459 0.371120930 0.998067915 0.011786498 -0.061004624 3.028746367
-0.061866447 0.041745242 -0.997211039 -39.480792999 -0.009844356 0.999050796 0.042432997 0.388143420 0.998035908 0.012442079 -0.061396763 2.969436169
-0.061495122 0.041748393 -0.997233808 -40.324829102 -0.009459241 0.999055505 0.042407971 0.403986335 0.998062551 0.012040961 -0.061042134 2.906793118
-0.061379205 0.037124321 -0.997423887 -41.164253235 -0.009700630 0.999238670 0.037788820 0.425920486 0.998067319 0.011995091 -0.060972340 2.843398094
-0.060923807 0.032777321 -0.997604132 -42.008178711 -0.009932254 0.999391258 0.033442602 0.443871021 0.998093009 0.011945909 -0.060561169 2.778908968
-0.060826652 0.030232875 -0.997690380 -42.849803925 -0.014593341 0.999407411 0.031174626 0.449962080 0.998041630 0.016455885 -0.060349409 2.710804462
-0.061527506 0.028507335 -0.997698247 -43.693885803 -0.017499428 0.999407589 0.029635360 0.464129984 0.997951865 0.019282540 -0.060992200 2.647293806
-0.061955944 0.026557405 -0.997725487 -44.519348145 -0.015329852 0.999502718 0.027556652 0.471475661 0.997961104 0.017002281 -0.061518006 2.586425304
-0.063154794 0.023059482 -0.997737288 -45.358421326 -0.012405044 0.999637544 0.023888618 0.471260905 0.997926593 0.013885655 -0.062845849 2.527089119
-0.063386224 0.021335129 -0.997761071 -46.211814880 -0.007419134 0.999733686 0.021848643 0.486613512 0.997961521 0.008787424 -0.063211054 2.456275463
-0.065647028 0.025235716 -0.997523665 -47.041534424 -0.007914294 0.999635518 0.025809975 0.480796218 0.997811496 0.009589044 -0.065423377 2.404456377
-0.067275837 0.031463273 -0.997238159 -47.885967255 -0.005150389 0.999478400 0.031881407 0.484699130 0.997721195 0.007281013 -0.067078695 2.337797880
-0.068922639 0.034804258 -0.997014642 -48.721893311 -0.003820649 0.999374688 0.035150759 0.497956038 0.997614682 0.006231926 -0.068746559 2.268028736
-0.070282407 0.034215573 -0.996940076 -49.547290802 -0.004037925 0.999393523 0.034584444 0.499479055 0.997519016 0.006456246 -0.070101619 2.198689699
-0.071373135 0.030357398 -0.996987522 -50.353229523 -0.007174387 0.999495268 0.030947361 0.507289767 0.997423947 0.009361584 -0.071119308 2.127614498
-0.072759777 0.026893901 -0.996986806 -51.176410675 -0.011657906 0.999545097 0.027813705 0.514738500 0.997281373 0.013646496 -0.072413146 2.056103945
-0.074247792 0.025444467 -0.996915162 -51.986148834 -0.015922457 0.999516785 0.026696738 0.523474634 0.997112632 0.017855516 -0.073806792 1.978806019
-0.075225808 0.026463879 -0.996815324 -52.794136047 -0.017503561 0.999458671 0.027854985 0.527286530 0.997012854 0.019543231 -0.074721880 1.901682615
-0.076151542 0.028202353 -0.996697366 -53.590995789 -0.017726056 0.999403656 0.029633271 0.531018853 0.996938705 0.019924134 -0.075606219 1.827649593
-0.077075087 0.027934462 -0.996633887 -54.406974792 -0.019528758 0.999373376 0.029521510 0.536226988 0.996834159 0.021738395 -0.076481238 1.759613514
-0.078070775 0.027714286 -0.996562541 -55.198677063 -0.020224160 0.999363899 0.029376550 0.544007659 0.996742725 0.022448087 -0.077460594 1.688389778
-0.078296825 0.029514588 -0.996493101 -55.992404938 -0.018525381 0.999346018 0.031054664 0.552441955 0.996757925 0.020891896 -0.077698849 1.617400169
-0.078425653 0.032249846 -0.996398151 -56.780422211 -0.017823322 0.999271452 0.033745702 0.562783122 0.996760726 0.020405654 -0.077793717 1.546063900
-0.078809947 0.036471143 -0.996222317 -57.579616547 -0.017959228 0.999116361 0.037997827 0.572685957 0.996727884 0.020885987 -0.078085318 1.474804878
-0.079151392 0.038481336 -0.996119559 -58.332389832 -0.018218158 0.999031961 0.040041450 0.584508419 0.996695995 0.021316804 -0.078373700 1.404951096
-0.079846501 0.038631611 -0.996058345 -59.114826202 -0.017951971 0.999031007 0.040185984 0.591940999 0.996645510 0.021089919 -0.079075620 1.335484982
-0.080118760 0.036712978 -0.996109009 -59.889373779 -0.017290695 0.999119878 0.038214669 0.602627873 0.996635318 0.020285130 -0.079413459 1.262506485
-0.080472142 0.033225477 -0.996202886 -60.635204315 -0.017283054 0.999247491 0.034723125 0.612544537 0.996607006 0.020011675 -0.079837345 1.197072983
-0.080247849 0.030499145 -0.996308208 -61.368637085 -0.017318014 0.999338150 0.031986788 0.620377421 0.996624410 0.019820949 -0.079666562 1.127126694
-0.078960814 0.028200176 -0.996478796 -62.099700928 -0.018079722 0.999394894 0.029715331 0.628566623 0.996713758 0.020362403 -0.078403167 1.058774471
-0.076598749 0.027329702 -0.996687412 -62.801040649 -0.020800253 0.999362946 0.029001638 0.634261489 0.996845007 0.022952840 -0.075981475 0.994463444
-0.072400182 0.028275937 -0.996974766 -63.498264313 -0.020613166 0.999342084 0.029840000 0.640771747 0.997162640 0.022711223 -0.071769677 0.931621075
-0.066720732 0.030010913 -0.997320294 -64.164115906 -0.020012978 0.999306202 0.031409543 0.639351010 0.997570932 0.022055017 -0.066073835 0.888436317
-0.059874970 0.031496402 -0.997708917 -64.825698853 -0.019392852 0.999276757 0.032709707 0.644778728 0.998017490 0.021306913 -0.059220865 0.851106167
-0.051524464 0.032814160 -0.998132408 -65.461112976 -0.020079443 0.999223948 0.033886567 0.646761537 0.998469770 0.021787938 -0.050825588 0.816429615
-0.039501920 0.034413278 -0.998626649 -66.092979431 -0.022088313 0.999132395 0.035304446 0.655231476 0.998975277 0.023452574 -0.038707521 0.782756567
-0.024976475 0.036162380 -0.999033689 -66.703895569 -0.025452089 0.998998523 0.036797423 0.659184337 0.999363959 0.026346568 -0.024031056 0.764941692
-0.006972212 0.037383441 -0.999276638 -67.295410156 -0.026726814 0.998937011 0.037557222 0.666819572 0.999618411 0.026969340 -0.005965661 0.765142262
0.014825378 0.038544953 -0.999146879 -67.863449097 -0.027678214 0.998889506 0.038124338 0.668883920 0.999506950 0.027089391 0.015875783 0.779762864
0.039500095 0.038976327 -0.998459101 -68.373435974 -0.027102185 0.998913050 0.037921865 0.669142246 0.998851895 0.025562506 0.040513504 0.819672346
0.068194002 0.038430125 -0.996931612 -68.900505066 -0.025594784 0.998996317 0.036758933 0.676752210 0.997343719 0.023009511 0.069109164 0.874587059
0.101822972 0.038183823 -0.994069457 -69.405075073 -0.024328871 0.999059737 0.035883494 0.685733438 0.994504988 0.020530824 0.102656201 0.946301937
0.138998687 0.038129024 -0.989558280 -69.877510071 -0.024094332 0.999092817 0.035111986 0.694930077 0.989999413 0.018962223 0.139791310 1.037036896
0.178948358 0.038388807 -0.983109236 -70.330238342 -0.023205029 0.999125183 0.034790352 0.688406229 0.983584821 0.016587397 0.179682657 1.141593933
0.223876819 0.038736515 -0.973847389 -70.727020264 -0.022963580 0.999142170 0.034463592 0.700265884 0.974346817 0.014647424 0.224574298 1.240272522
0.270799458 0.038458541 -0.961867213 -71.079986572 -0.018672552 0.999223471 0.034695189 0.678030968 0.962454677 0.008565078 0.271307200 1.374139786
0.320202142 0.033547726 -0.946755111 -71.484207153 -0.011012528 0.999437034 0.031689934 0.677139401 0.947285175 0.000278982 0.320391297 1.548179626
0.370875299 0.028424444 -0.928247571 -71.874877930 -0.005492435 0.999581158 0.028414324 0.675112486 0.928666413 -0.005439832 0.370876074 1.737947464
0.421747506 0.023297036 -0.906413972 -72.250694275 -0.000492754 0.999675572 0.025464814 0.684343219 0.906713128 -0.010293080 0.421622127 1.963672638
0.471840680 0.022560470 -0.881395221 -72.616912842 -0.000650096 0.999681175 0.025240146 0.692157567 0.881683588 -0.011336337 0.471704900 2.192928314
0.518641829 0.021524182 -0.854720592 -72.959403992 0.000743102 0.999671340 0.025625346 0.695682704 0.854991257 -0.013925522 0.518455386 2.440385818
0.563292325 0.016682226 -0.826089203 -73.313049316 0.008760087 0.999619365 0.026159847 0.704008222 0.826211154 -0.021972254 0.562931776 2.722679138
0.606595814 0.010232340 -0.794944584 -73.639205933 0.019007122 0.999444664 0.027368326 0.704219222 0.794783115 -0.031711116 0.606064439 3.025543213
0.647982240 0.004576496 -0.761641741 -73.962677002 0.020639315 0.999509275 0.023565095 0.713794351 0.761375725 -0.030989526 0.647569716 3.347152710
0.687738657 -0.001012185 -0.725957751 -74.262916565 0.019183559 0.999675155 0.016779792 0.718413055 0.725704908 -0.025466567 0.687534571 3.679695129
0.727561235 -0.004703111 -0.686026633 -74.489685059 0.013079882 0.999889791 0.007016961 0.698846102 0.685918033 -0.014078415 0.727542579 3.977218628
0.766167939 -0.007251610 -0.642599583 -74.766769409 0.008292912 0.999964595 -0.001396808 0.701179743 0.642586827 -0.004258833 0.766200960 4.345268250
0.802373707 -0.008460061 -0.596761942 -75.038490295 0.006999967 0.999964178 -0.004764326 0.703683853 0.596780837 -0.000354542 0.802404225 4.750976562
0.835562825 -0.009767177 -0.549308062 -75.285224915 0.007617834 0.999951780 -0.006192387 0.696269870 0.549342155 0.000989589 0.835596979 5.186958313
0.866069853 -0.007337217 -0.499869019 -75.509002686 0.003672321 0.999958694 -0.008315031 0.683728039 0.499909371 0.005365720 0.866061091 5.618661880
0.891583502 -0.005908266 -0.452817589 -75.718292236 0.003148100 0.999971569 -0.006848903 0.669046044 0.452845156 0.004680855 0.891576886 6.097644806
0.912409782 -0.000137572 -0.409277797 -75.911552429 -0.002560479 0.999978483 -0.006044243 0.656236768 0.409269840 0.006562775 0.912389755 6.594142914
0.929571748 0.004260479 -0.368616521 -76.102935791 -0.007619965 0.999941707 -0.007658560 0.649251580 0.368562400 0.009928028 0.929549992 7.116800308
0.943274558 0.009830691 -0.331868231 -76.306320190 -0.012777734 0.999895930 -0.006699174 0.644056261 0.331767827 0.010559684 0.943301976 7.654336929
0.953261971 0.010402700 -0.301966071 -76.473327637 -0.012495312 0.999909461 -0.004999063 0.632418036 0.301886737 0.008538576 0.953305602 8.217041016
0.960499704 0.009401337 -0.278122187 -76.629585266 -0.010784719 0.999935865 -0.003444475 0.619377851 0.278072000 0.006307888 0.960539460 8.805284500
0.966239035 0.009764455 -0.257462531 -76.784927368 -0.010496532 0.999943852 -0.001469148 0.606926560 0.257433712 0.004122013 0.966287136 9.420738220
0.970897079 0.012392933 -0.239176065 -76.948745728 -0.012615189 0.999920249 0.000601620 0.608222842 0.239164457 0.002433140 0.970975995 10.045408249
0.974402785 0.017356766 -0.224138096 -77.099205017 -0.017347969 0.999847472 0.002008640 0.600600898 0.224138781 0.001931116 0.974555314 10.686096191
0.977243364 0.020858886 -0.211092800 -77.245178223 -0.020608386 0.999781847 0.003386802 0.592058241 0.211117417 0.001040552 0.977460086 11.340671539
0.980021894 0.019585256 -0.197922885 -77.381950378 -0.019321615 0.999808013 0.003263332 0.580129266 0.197948784 0.000626054 0.980212092 12.010765076
0.982474208 0.019791419 -0.185345188 -77.497772217 -0.019646507 0.999803603 0.002618602 0.573991597 0.185360625 0.001068677 0.982669950 12.695478439
0.985120714 0.019612938 -0.170740649 -77.630950928 -0.019383175 0.999807537 0.003012725 0.571743488 0.170766890 0.000341598 0.985311389 13.413447380
0.987390339 0.020859361 -0.156924605 -77.745628357 -0.020625507 0.999782443 0.003118672 0.569140255 0.156955525 0.000157303 0.987605691 14.131047249
0.989263713 0.021160914 -0.144600913 -77.851867676 -0.021298662 0.999773026 0.000595520 0.553175628 0.144580692 0.002490680 0.989489913 14.857142448
0.990780830 0.021424802 -0.133769363 -77.957473755 -0.022194883 0.999744594 -0.004268081 0.536727071 0.133643761 0.007197728 0.991003275 15.598251343
0.992060125 0.021291479 -0.123948514 -78.063941956 -0.022763792 0.999686003 -0.010474200 0.518873096 0.123686582 0.013212577 0.992233396 16.347587585
0.993015528 0.019891461 -0.116294876 -78.166793823 -0.021273728 0.999716818 -0.010656662 0.506693244 0.116049975 0.013056256 0.993157566 17.149417877
0.993772388 0.021607384 -0.109313913 -78.265472412 -0.022220371 0.999743342 -0.004392422 0.490337193 0.109190956 0.006794062 0.993997574 17.926673889
0.994193137 0.026117124 -0.104393125 -78.361557007 -0.025903724 0.999658704 0.003399708 0.473888159 0.104446292 -0.000675794 0.994530261 18.706146240
0.994581401 0.027382761 -0.100290045 -78.445976257 -0.026846273 0.999617159 0.006695325 0.462721527 0.100434989 -0.003966631 0.994935691 19.485872269
0.994982064 0.026417866 -0.096503027 -78.540069580 -0.025956899 0.999644935 0.006029199 0.445651948 0.096628033 -0.003494023 0.995314419 20.260763168
0.995250642 0.025855865 -0.093848996 -78.618965149 -0.025510767 0.999662638 0.004875218 0.436893672 0.093943395 -0.002457904 0.995574474 21.056039810
0.995524883 0.024463065 -0.091277927 -78.692886353 -0.023886029 0.999687254 0.007408920 0.424248010 0.091430619 -0.005195497 0.995797813 21.840751648
0.995775759 0.022773441 -0.088949986 -78.771629333 -0.021957563 0.999707460 0.010140162 0.408109933 0.089154899 -0.008144203 0.995984554 22.627990723
0.996112108 0.020151980 -0.085758336 -78.843368530 -0.019236723 0.999748886 0.011485631 0.401432127 0.085968256 -0.009791268 0.996249735 23.400396347
0.996352971 0.019035805 -0.083176844 -78.921394348 -0.018481068 0.999801576 0.007434322 0.397671461 0.083301850 -0.005870012 0.996507168 24.179840088
0.996424377 0.022381391 -0.081471100 -78.991493225 -0.022410715 0.999748647 0.000554629 0.383394122 0.081463024 0.001273180 0.996675551 24.941976547
0.996559620 0.022944601 -0.079638697 -79.065940857 -0.023590058 0.999695897 -0.007173328 0.370543063 0.079449892 0.009027331 0.996798098 25.705652237
0.996646702 0.023643401 -0.078333989 -79.133361816 -0.024574952 0.999637961 -0.010949345 0.352358550 0.078046754 0.012837686 0.996867061 26.466299057
0.996739209 0.025266137 -0.076632865 -79.201766968 -0.026054528 0.999617219 -0.009305443 0.330177039 0.076368406 0.011271731 0.997016072 27.243288040
0.996841431 0.028505571 -0.074125379 -79.277267456 -0.028973974 0.999566376 -0.005251240 0.307538599 0.073943540 0.007382360 0.997235179 28.016881943
0.996909499 0.031702075 -0.071877711 -79.346046448 -0.031804368 0.999494016 -0.000278730 0.287803322 0.071832500 0.002563894 0.997413456 28.783357620
0.997155130 0.030129904 -0.069091007 -79.411682129 -0.030090384 0.999545872 0.001612958 0.272273540 0.069108218 0.000470605 0.997609079 29.561405182
0.997327447 0.027377199 -0.067736231 -79.472137451 -0.027329184 0.999625146 0.001635607 0.256193906 0.067755610 0.000219940 0.997701883 30.326269150
0.997462988 0.025610259 -0.066420257 -79.532287598 -0.025560008 0.999672055 0.001606320 0.240017638 0.066439606 0.000095457 0.997790456 31.086858749
0.997528374 0.025259404 -0.065567762 -79.589317322 -0.025345953 0.999678552 -0.000488450 0.229982167 0.065534346 0.002149120 0.997848034 31.846574783
0.997614264 0.022689940 -0.065199688 -79.641082764 -0.022842009 0.999737740 -0.001587857 0.217500672 0.065146565 0.003073361 0.997870982 32.610954285
0.997654080 0.021300714 -0.065060377 -79.694709778 -0.021453340 0.999768376 -0.001648085 0.203771263 0.065010212 0.003039981 0.997879982 33.383602142
0.997646928 0.024881288 -0.063888624 -79.762794495 -0.024967726 0.999688029 -0.000554744 0.190440729 0.063854881 0.002148591 0.997956932 34.165817261
0.997648120 0.025352782 -0.063681409 -79.826782227 -0.025492780 0.999674141 -0.001386811 0.176676676 0.063625485 0.003006967 0.997969329 34.951381683
0.997556150 0.024648963 -0.065376982 -79.885887146 -0.024795063 0.999691606 -0.001424230 0.161206335 0.065321721 0.003041776 0.997859597 35.740253448
0.997480690 0.022425581 -0.067299679 -79.947509766 -0.022538772 0.999745548 -0.000922989 0.147526234 0.067261860 0.002437516 0.997732401 36.537033081
0.997249603 0.024210397 -0.070050374 -80.021636963 -0.024348270 0.999702871 -0.001114857 0.133554786 0.070002571 0.002817396 0.997542858 37.335895538
0.996948242 0.028257916 -0.072772913 -80.099006653 -0.028415171 0.999595523 -0.001126323 0.114543721 0.072711661 0.003190741 0.997347951 38.140483856
0.996758223 0.028304182 -0.075311743 -80.176399231 -0.028844420 0.999565363 -0.006095070 0.100694716 0.075106494 0.008247635 0.997141421 38.949466705
0.996571660 0.029249534 -0.077391408 -80.264244080 -0.030095523 0.999499023 -0.009787435 0.087119371 0.077066369 0.012083016 0.996952713 39.751564026
0.996419728 0.028375169 -0.079639748 -80.332130432 -0.029330129 0.999510944 -0.010846721 0.064348102 0.079293035 0.013143732 0.996764719 40.578491211
0.996250153 0.028909905 -0.081546746 -80.416893005 -0.029780699 0.999511540 -0.009482191 0.045014471 0.081232786 0.011875154 0.996624470 41.418121338
0.996079504 0.027205270 -0.084175646 -80.488395691 -0.028035222 0.999569178 -0.008693225 0.022469699 0.083902881 0.011019025 0.996413112 42.256843567
0.995959997 0.026894799 -0.085675471 -80.572471619 -0.027628954 0.999590933 -0.007394637 0.007824779 0.085441552 0.009731887 0.996295631 43.100540161
0.995863259 0.026387570 -0.086947791 -80.655410767 -0.026771436 0.999636292 -0.003251549 -0.011819467 0.086830363 0.005565817 0.996207535 43.954376221
0.995804489 0.025911300 -0.087760866 -80.741958618 -0.025893286 0.999663770 0.001343845 -0.025958091 0.087766163 0.000934210 0.996140659 44.820205688
0.995860696 0.025861507 -0.087135077 -80.829132080 -0.025661236 0.999664783 0.003417931 -0.040883094 0.087194271 -0.001167790 0.996190608 45.693336487
0.995956540 0.028738404 -0.085115254 -80.916549683 -0.028522415 0.999586105 0.003752806 -0.058072433 0.085187852 -0.001309939 0.996364057 46.555057526
0.996143997 0.028788621 -0.082875580 -81.000579834 -0.028693836 0.999585509 0.002334825 -0.067716509 0.082908437 0.000052196 0.996557176 47.426712036
0.996310294 0.026481455 -0.081636950 -81.084304810 -0.026574234 0.999646842 -0.000049958 -0.079092741 0.081606783 0.002219212 0.996662140 48.309680939
0.996548653 0.023096541 -0.079733849 -81.161491394 -0.023278762 0.999728143 -0.001356468 -0.096893318 0.079680838 0.003207891 0.996815264 49.198890686
0.996727884 0.021275666 -0.077980153 -81.237510681 -0.021469008 0.999768138 -0.001641723 -0.111725323 0.077927157 0.003310507 0.996953487 50.077838898
0.996843398 0.018931326 -0.077103525 -81.313056946 -0.018913958 0.999820590 0.000955598 -0.129436836 0.077107787 0.000505751 0.997022569 50.966835022
0.996960402 0.016269123 -0.076192565 -81.391784668 -0.016060537 0.999865353 0.003349609 -0.142493397 0.076236814 -0.002115734 0.997087479 51.857086182
0.997013271 0.015433673 -0.075672865 -81.459594727 -0.015192315 0.999877453 0.003764161 -0.162453890 0.075721689 -0.002603272 0.997125566 52.749183655
0.997078538 0.017176365 -0.074427038 -81.538238525 -0.017180949 0.999852180 0.000578701 -0.180220887 0.074425980 0.000701717 0.997226298 53.628837585
0.997112334 0.019716097 -0.073337451 -81.627937317 -0.020124350 0.999785841 -0.004831910 -0.202624530 0.073226489 0.006293825 0.997295439 54.507392883
0.997107267 0.021019384 -0.073041931 -81.691528320 -0.021818137 0.999710321 -0.010154821 -0.223441005 0.072807327 0.011719085 0.997277200 55.391223907
0.997051477 0.025602143 -0.072340451 -81.773445129 -0.026837260 0.999509215 -0.016153457 -0.247381210 0.071891397 0.018047247 0.997249186 56.254489899
0.997134686 0.025293281 -0.071292408 -81.843948364 -0.026551450 0.999507010 -0.016755838 -0.277165651 0.070833445 0.018600745 0.997314751 57.117885590
0.997206926 0.022472396 -0.071228556 -81.912513733 -0.023300298 0.999669969 -0.010813603 -0.302349865 0.070962042 0.012443045 0.997401476 57.984832764
0.997158289 0.022257047 -0.071972273 -81.985855103 -0.022452066 0.999746203 -0.001901719 -0.329256058 0.071911670 0.003512245 0.997404814 58.857162476
0.997110605 0.021515086 -0.072852500 -82.065391541 -0.021192927 0.999761939 0.005192281 -0.348190397 0.072946869 -0.003633321 0.997329235 59.737438202
0.996971130 0.019669712 -0.075245246 -82.137817383 -0.019500656 0.999805331 0.002980849 -0.362733483 0.075289235 -0.001504489 0.997160673 60.597358704
0.996875763 0.014642494 -0.077615954 -82.199157715 -0.014726299 0.999891520 -0.000507493 -0.378355592 0.077600084 0.001648904 0.996983290 61.444595337
0.996704757 0.013173318 -0.080038294 -82.282829285 -0.013402128 0.999907494 -0.002322226 -0.394025326 0.080000281 0.003387257 0.996789157 62.296119690
0.996472597 0.015421165 -0.082489438 -82.367752075 -0.015834557 0.999865055 -0.004359577 -0.418417573 0.082411088 0.005650381 0.996582389 63.140647888
0.996149838 0.016682547 -0.086064272 -82.449012756 -0.017370360 0.999822855 -0.007249141 -0.444500387 0.085928082 0.008716200 0.996263206 63.957767487
0.995818019 0.017263327 -0.089712672 -82.538711548 -0.018307317 0.999773800 -0.010827152 -0.464011252 0.089505464 0.012424272 0.995908916 64.791435242
0.995479465 0.019585393 -0.092935823 -82.627792358 -0.021011887 0.999675572 -0.014395539 -0.491654754 0.092623726 0.016283222 0.995568037 65.605033875
0.995120764 0.024149591 -0.095662937 -82.732551575 -0.025635021 0.999568701 -0.014329132 -0.521638155 0.095275648 0.016711539 0.995310545 66.422737122
0.994663537 0.027280429 -0.099500053 -82.824645996 -0.028687231 0.999507308 -0.012735216 -0.543073654 0.099103600 0.015521636 0.994956017 67.244094849
0.994204164 0.030384276 -0.103125669 -82.926971436 -0.031255350 0.999487996 -0.006841023 -0.568989277 0.102865003 0.010024602 0.994644821 68.058731079
0.993774593 0.030513164 -0.107149765 -83.029701233 -0.030810958 0.999524653 -0.001124516 -0.591479480 0.107064515 0.004418903 0.994242251 68.868682861
0.993228316 0.030266708 -0.112166882 -83.127471924 -0.030192003 0.999541283 0.002364963 -0.609132469 0.112186998 0.001037595 0.993686557 69.681777954
0.992470264 0.029909922 -0.118778139 -83.233680725 -0.029744020 0.999552548 0.003169665 -0.620121360 0.118819788 0.000387141 0.992915750 70.484558105
0.991870940 0.027303908 -0.124283612 -83.343887329 -0.026650561 0.999620914 0.006916708 -0.633166671 0.124425359 -0.003548255 0.992222548 71.281295776
0.991006494 0.029089157 -0.130614504 -83.457572937 -0.028481804 0.999573052 0.006516030 -0.644244552 0.130748302 -0.002737289 0.991411805 72.074790955
0.990038872 0.033790886 -0.136679187 -83.582946777 -0.033328090 0.999428332 0.005673618 -0.656492114 0.136792779 -0.001061845 0.990599036 72.858612061
0.989203215 0.035891820 -0.142087549 -83.718940735 -0.035943653 0.999351501 0.002202638 -0.669538260 0.142074421 0.002928288 0.989851594 73.632881165
0.988322973 0.034507886 -0.148414552 -83.839996338 -0.035002641 0.999386966 -0.000722177 -0.679956913 0.148298651 0.005908645 0.988924980 74.399314880
0.987474501 0.035827000 -0.153657541 -83.974807739 -0.036529243 0.999331057 -0.001748429 -0.697658658 0.153492138 0.007339523 0.988122582 75.176361084
0.986667216 0.038099829 -0.158228278 -84.113273621 -0.038137101 0.999268532 0.002801878 -0.703303933 0.158219293 0.003269846 0.987398624 75.954895020
0.985708833 0.038100749 -0.164092362 -84.255226135 -0.037380926 0.999273121 0.007473439 -0.718252659 0.164257795 -0.001232708 0.986416817 76.731658936
0.984660864 0.037523236 -0.170396030 -84.399192810 -0.036406700 0.999290347 0.009673634 -0.734320104 0.170638025 -0.003321693 0.985328197 77.502304077
0.983490229 0.035253793 -0.177494064 -84.547866821 -0.034717135 0.999378383 0.006129287 -0.745849609 0.177599818 0.000133992 0.984102845 78.259696960
0.982076108 0.032870423 -0.185596570 -84.703865051 -0.033641398 0.999433458 -0.001005428 -0.752499580 0.185458347 0.007231134 0.982625544 79.016876221
0.980397582 0.030494038 -0.194655150 -84.866653442 -0.031665027 0.999494374 -0.002906156 -0.763368249 0.194468051 0.009012949 0.980867445 79.771286011
0.978288114 0.030163381 -0.205043152 -85.035392761 -0.030744132 0.999527276 0.000353611 -0.781286180 0.204956859 0.005957941 0.978752911 80.520347595
0.975911975 0.030310255 -0.216048628 -85.214981079 -0.029763823 0.999540269 0.005783189 -0.786473274 0.216124564 0.000786549 0.976365566 81.267517090
0.973248780 0.031873722 -0.227531761 -85.395935059 -0.029451836 0.999467611 0.014032307 -0.801025152 0.227857932 -0.006955700 0.973669469 81.998435974
0.970610738 0.032492135 -0.238450781 -85.595092773 -0.029128414 0.999420404 0.017617637 -0.810694814 0.238885000 -0.010154177 0.970994771 82.735008240
0.967638075 0.035784133 -0.249791756 -85.804588318 -0.033524975 0.999349415 0.013294314 -0.821456432 0.250104994 -0.004489822 0.968208313 83.460845947
0.964579403 0.035537623 -0.261387974 -86.022293091 -0.035630286 0.999355435 0.004386108 -0.829521537 0.261375338 0.005082577 0.965223849 84.164199829
0.961183369 0.033097256 -0.273918122 -86.223892212 -0.034557089 0.999402583 -0.000504564 -0.825869679 0.273737788 0.009950791 0.961752892 84.893020630
0.957865834 0.031997643 -0.285427958 -86.456893921 -0.032126918 0.999474764 0.004230715 -0.830976367 0.285413444 0.005117462 0.958390832 85.615242004
0.954546511 0.033178281 -0.296209574 -86.703857422 -0.031180065 0.999448061 0.011468713 -0.839118719 0.296426624 -0.001711585 0.955054104 86.337554932
0.950844646 0.033232026 -0.307880133 -86.961395264 -0.029533418 0.999424815 0.016666289 -0.844432116 0.308256924 -0.006754301 0.951279163 87.065505981
0.946712255 0.031054458 -0.320580184 -87.212158203 -0.027674666 0.999502897 0.015094766 -0.850393057 0.320889562 -0.005418452 0.947101176 87.778770447
0.942863643 0.029105496 -0.331904799 -87.458770752 -0.027045075 0.999575615 0.010826360 -0.851730347 0.332079053 -0.001231392 0.943250656 88.504562378
0.939799190 0.025249327 -0.340793133 -87.730529785 -0.025298826 0.999670744 0.004299369 -0.862975597 0.340789527 0.004581123 0.940128446 89.208381653
0.937055290 0.021484790 -0.348519415 -88.002471924 -0.023453476 0.999723971 -0.001429892 -0.871414602 0.348392457 0.009513880 0.937300444 89.907638550
0.934406817 0.021279383 -0.355571359 -88.283294678 -0.024078036 0.999704182 -0.003446826 -0.880436897 0.355392843 0.011782199 0.934642732 90.609580994
0.931255639 0.026278377 -0.363417655 -88.577201843 -0.029478014 0.999560058 -0.003260026 -0.898819804 0.363172054 0.013748746 0.931620657 91.328994751
0.928058624 0.026132733 -0.371516198 -88.873107910 -0.028614204 0.999589801 -0.001167239 -0.910958230 0.371333271 0.011713907 0.928425729 92.042648315
0.925102234 0.026937680 -0.378761321 -89.182434082 -0.026758447 0.999625444 0.005737879 -0.919973254 0.378774047 0.004826941 0.925476551 92.757369995
0.922330439 0.028623767 -0.385340482 -89.491058350 -0.025382496 0.999586701 0.013496855 -0.924386859 0.385567486 -0.002667660 0.922675848 93.470092773
0.919707477 0.038914792 -0.390670925 -89.817794800 -0.033590209 0.999226332 0.020455882 -0.936283827 0.391164780 -0.005690708 0.920303106 94.175827026
0.916998923 0.045636334 -0.396270394 -90.145050049 -0.042003013 0.998958111 0.017846569 -0.940611839 0.396672010 0.000279264 0.917960405 94.871490479
0.914703250 0.042295326 -0.401906878 -90.468750000 -0.041610569 0.999079466 0.010437916 -0.942702293 0.401978344 0.007175975 0.915621042 95.566345215
0.912852526 0.034961537 -0.406789780 -90.790283203 -0.036958631 0.999312401 0.002949243 -0.945991576 0.406613231 0.012342166 0.913516998 96.266296387
0.911465645 0.035742451 -0.409820408 -91.144012451 -0.038223092 0.999266922 0.002140479 -0.949418068 0.409596533 0.013713631 0.912163734 96.971755981
0.908923924 0.041847210 -0.414856702 -91.477127075 -0.042555213 0.999065578 0.007541559 -0.959633529 0.414784670 0.010799609 0.909855485 97.699913025
0.906552076 0.044232890 -0.419769704 -91.824035645 -0.043342702 0.998992145 0.011663257 -0.965420604 0.419862479 0.007620603 0.907555699 98.409385681
0.904414654 0.040762052 -0.424702823 -92.170181274 -0.040464111 0.999133646 0.009725381 -0.977852941 0.424731344 0.008389445 0.905280650 99.114913940
0.902139604 0.039214615 -0.429658324 -92.516281128 -0.041507747 0.999130011 0.004037417 -0.991418064 0.429442883 0.014191834 0.902982533 99.810958862
0.899820507 0.035662204 -0.434800178 -92.858078003 -0.040925857 0.999158323 -0.002745480 -0.993563473 0.434336305 0.020265006 0.900522768 100.509117126
