1.000000000 0.000000000 0.000000000 0.000000000 0.000000000 1.000000000 0.000000000 0.000000000 0.000000000 0.000000000 1.000000000 0.000000000
0.999991238 -0.002499045 -0.003363667 -0.002824721 0.002491718 0.999994516 -0.002180530 -0.005470151 0.003369097 0.002172130 0.999991953 0.666731536
0.999969423 -0.001329791 -0.007697889 -0.006076841 0.001300909 0.999992073 -0.003755786 -0.008216017 0.007702822 0.003745658 0.999963343 1.366944909
0.999934614 -0.001054678 -0.011387130 -0.025492543 0.000995145 0.999985814 -0.005232484 -0.008888772 0.011392485 0.005220809 0.999921501 2.070481777
0.999867022 0.000204789 -0.016308025 -0.044831503 -0.000301360 0.999982417 -0.005919451 -0.011605367 0.016306525 0.005923578 0.999849498 2.799871683
0.999787211 -0.000562513 -0.020627076 -0.060962096 0.000439157 0.999981940 -0.005984324 -0.024853850 0.020630075 0.005973991 0.999769270 3.539288998
0.999683082 0.001124699 -0.025147609 -0.087911606 -0.001311275 0.999971807 -0.007403995 -0.027830079 0.025138570 0.007434626 0.999656260 4.294178009
0.999556839 0.003899117 -0.029512879 -0.125884876 -0.004135357 0.999959826 -0.007947871 -0.039742857 0.029480705 0.008066393 0.999532819 5.051474571
0.999411643 0.004091464 -0.034053981 -0.153372735 -0.004301538 0.999972165 -0.006097879 -0.049844120 0.034028083 0.006240774 0.999401391 5.854149342
0.999248087 0.003593388 -0.038606957 -0.188725621 -0.003739424 0.999986112 -0.003711080 -0.053870603 0.038593084 0.003852657 0.999247611 6.655991077
0.999120355 0.002979026 -0.041830480 -0.229221284 -0.003014836 0.999995053 -0.000793036 -0.063598290 0.041827917 0.000918450 0.999124467 7.460566998
0.999013484 0.004459691 -0.044182975 -0.275903344 -0.004530869 0.999988556 -0.001510980 -0.073231906 0.044175733 0.001709677 0.999022305 8.281026840
0.998913765 0.003992586 -0.046424717 -0.319621116 -0.004077781 0.999990225 -0.001740564 -0.078182034 0.046417303 0.001927984 0.998920262 9.103635788
0.998859048 0.001433374 -0.047732506 -0.365687400 -0.001559410 0.999995410 -0.002603338 -0.083124898 0.047728553 0.002674802 0.998856723 9.929842949
0.998732448 0.000718854 -0.050329044 -0.401458204 -0.000799264 0.999998450 -0.001577571 -0.092120379 0.050327834 0.001615797 0.998731434 10.782771111
0.998651624 -0.000902502 -0.051904790 -0.447519720 0.000802217 0.999997795 -0.001952913 -0.099366970 0.051906444 0.001908641 0.998650134 11.633320808
0.998561263 0.001328794 -0.053607706 -0.500583589 -0.001556656 0.999989927 -0.004209008 -0.109249249 0.053601570 0.004286401 0.998553216 12.492039680
0.998490214 0.001694692 -0.054902822 -0.551893413 -0.002066981 0.999975204 -0.006724791 -0.119778007 0.054890063 0.006828122 0.998469055 13.360119820
0.998382211 0.005428856 -0.056598220 -0.610865116 -0.005900383 0.999949217 -0.008167351 -0.134172410 0.056551002 0.008488090 0.998363674 14.234267235
0.998319983 0.006629968 -0.057561606 -0.666671395 -0.007089521 0.999944568 -0.007783132 -0.145931154 0.057506822 0.008178139 0.998311579 15.126057625
0.998244107 0.005541584 -0.058973655 -0.723130405 -0.005915596 0.999963403 -0.006169326 -0.162032455 0.058937307 0.006507357 0.998240471 16.009935379
0.998177648 0.006150676 -0.060029659 -0.787035108 -0.006448546 0.999967813 -0.004769584 -0.172946692 0.059998382 0.005147996 0.998185217 16.906566620
0.998118997 0.005699011 -0.061041281 -0.845993102 -0.005988348 0.999971688 -0.004558126 -0.189380094 0.061013568 0.004915088 0.998124897 17.815105438
0.998014212 0.005703793 -0.062730424 -0.903555989 -0.006053322 0.999967158 -0.005383256 -0.204714686 0.062697694 0.005752294 0.998016000 18.710260391
0.997961760 0.004175563 -0.063677207 -0.968237698 -0.004554036 0.999972820 -0.005799633 -0.218919247 0.063651264 0.006077801 0.997953713 19.624368668
0.997923255 0.003947003 -0.064294286 -1.025317192 -0.004235322 0.999981523 -0.004348679 -0.228220016 0.064275950 0.004611955 0.997921526 20.540212631
0.997905254 0.005824956 -0.064429827 -1.084231973 -0.005909056 0.999981940 -0.001114835 -0.239555776 0.064422168 0.001493219 0.997921646 21.461227417
0.997969508 0.006931040 -0.063315235 -1.149675846 -0.006773306 0.999973476 0.002705544 -0.249059618 0.063332319 -0.002271197 0.997989893 22.391351700
0.998077273 0.005982823 -0.061692387 -1.214407086 -0.005662729 0.999969602 0.005362086 -0.253004700 0.061722595 -0.005002430 0.998080850 23.322380066
0.998167455 0.005562397 -0.060255077 -1.267824054 -0.005184059 0.999965847 0.006433437 -0.264058828 0.060288794 -0.006109282 0.998162270 24.265111923
0.998251498 0.006104417 -0.058793511 -1.324352741 -0.005904879 0.999976218 0.003567019 -0.270838886 0.058813885 -0.003213614 0.998263776 25.208152771
0.998286188 0.006459656 -0.058163926 -1.380724549 -0.006529413 0.999978125 -0.001009341 -0.277740926 0.058156148 0.001387388 0.998306513 26.147222519
0.998373747 0.006349107 -0.056652613 -1.440402746 -0.006591607 0.999969900 -0.004094631 -0.287385434 0.056624919 0.004461403 0.998385489 27.095344543
0.998416364 0.003574434 -0.056140956 -1.490425587 -0.003768953 0.999987245 -0.003359333 -0.294945002 0.056128222 0.003565606 0.998417258 28.053184509
0.998439312 0.002026019 -0.055810995 -1.555857182 -0.001943039 0.999996901 0.001541043 -0.304633826 0.055813946 -0.001430194 0.998440087 29.028099060
0.998384595 -0.001579127 -0.056795165 -1.605607629 0.001892983 0.999983251 0.005472735 -0.320648551 0.056785576 -0.005571407 0.998370826 29.991756439
0.998289227 -0.008998078 -0.057771888 -1.655853748 0.009293124 0.999945104 0.004840428 -0.327758729 0.057725154 -0.005369028 0.998318136 30.964382172
0.998172045 -0.011452284 -0.059341758 -1.708293915 0.011530840 0.999933004 0.000981510 -0.331227064 0.059326548 -0.001663976 0.998237193 31.939790726
0.998094499 -0.010930246 -0.060728963 -1.771949053 0.010748599 0.999936759 -0.003316998 -0.335555464 0.060761370 0.002657927 0.998148799 32.912128448
0.998014569 -0.009724827 -0.062227070 -1.853927732 0.009497415 0.999947071 -0.003949273 -0.343479514 0.062262185 0.003350437 0.998054206 33.898765564
0.997926414 -0.010234352 -0.063544564 -1.897932053 0.010121328 0.999946535 -0.002100323 -0.363736212 0.063562654 0.001452813 0.997976780 34.877716064
0.997879326 -0.007234608 -0.064687163 -1.968666196 0.007299531 0.999973059 0.000767365 -0.376668245 0.064679861 -0.001237924 0.997905314 35.875507355
0.997799277 -0.006848061 -0.065952614 -2.037085533 0.006991768 0.999973655 0.001948362 -0.387463152 0.065937549 -0.002405199 0.997820854 36.856891632
0.997751057 -0.005606457 -0.066795468 -2.110109091 0.005932842 0.999971449 0.004688977 -0.397738039 0.066767283 -0.005074719 0.997755647 37.827404022
0.997753918 -0.005604415 -0.066750728 -2.168735027 0.006125265 0.999952376 0.007600824 -0.405842930 0.066704944 -0.007992618 0.997740746 38.820827484
0.997730911 0.000134269 -0.067328267 -2.246494293 0.000520616 0.999952734 0.009709096 -0.404485285 0.067326374 -0.009722117 0.997683644 39.807079315
0.997706532 0.000130218 -0.067688458 -2.323091507 0.000471551 0.999960542 0.008874219 -0.405586779 0.067686945 -0.008885784 0.997667015 40.810543060
0.997717977 0.000090598 -0.067521021 -2.382780790 0.000429369 0.999970317 0.007686263 -0.417777717 0.067519724 -0.007697714 0.997688234 41.788276672
0.997719169 0.002404285 -0.067459092 -2.462159634 -0.002047813 0.999983549 0.005352925 -0.420329809 0.067470849 -0.005202571 0.997707725 42.784786224
0.997675478 0.001617353 -0.068124287 -2.540330172 -0.001254053 0.999984741 0.005375323 -0.422532022 0.068131931 -0.005277397 0.997662365 43.773296356
0.997576892 -0.000180963 -0.069572665 -2.599241018 0.000643236 0.999977887 0.006622113 -0.434105814 0.069569908 -0.006650820 0.997554898 44.746807098
0.997520208 0.000080402 -0.070383169 -2.668185234 0.000478246 0.999968588 0.007920353 -0.443954319 0.070381589 -0.007934370 0.997488558 45.728202820
0.997529685 0.002905393 -0.070186704 -2.748956680 -0.002596408 0.999986529 0.004493150 -0.458918929 0.070198804 -0.004299818 0.997523725 46.693691254
0.997435927 0.002907337 -0.071506105 -2.820196629 -0.002902464 0.999995708 0.000172035 -0.459754258 0.071506307 0.000035951 0.997440159 47.661540985
0.997392535 0.004111629 -0.072050661 -2.898318529 -0.004212331 0.999990284 -0.001245768 -0.465212792 0.072044842 0.001546021 0.997400224 48.632373810
0.997380018 0.002873949 -0.072283529 -2.972760677 -0.002702459 0.999993265 0.002470146 -0.483000100 0.072290145 -0.002268331 0.997381091 49.609180450
0.997371852 0.001200976 -0.072441630 -3.032710075 -0.000797797 0.999983966 0.005594252 -0.494628489 0.072447166 -0.005521757 0.997357070 50.555141449
0.997356474 -0.000667605 -0.072660439 -3.105636358 0.001128453 0.999979556 0.006301614 -0.504270673 0.072654754 -0.006366950 0.997336805 51.517005920
0.997327805 -0.004073433 -0.072942585 -3.174076080 0.004453762 0.999977350 0.005052184 -0.512688100 0.072920352 -0.005363552 0.997323334 52.479621887
0.997285247 -0.007235854 -0.073277757 -3.235604286 0.007548598 0.999963522 0.003991884 -0.522286296 0.073246196 -0.004534193 0.997303605 53.410774231
0.997210979 -0.008774778 -0.074115679 -3.310719013 0.009172987 0.999945223 0.005034112 -0.529439688 0.074067444 -0.005699934 0.997236967 54.368812561
0.997055829 -0.012370906 -0.075674430 -3.371631145 0.013110169 0.999870956 0.009280035 -0.534404516 0.075549856 -0.010244818 0.997089505 55.316909790
0.997027278 -0.012570166 -0.076015964 -3.446691275 0.013687930 0.999805450 0.014201228 -0.538914740 0.075822644 -0.015199512 0.997005463 56.255744934
0.997013390 -0.010888455 -0.076457694 -3.526614666 0.012182310 0.999790013 0.016476505 -0.539368927 0.076262236 -0.017358726 0.996936679 57.205146790
0.996909142 -0.009480761 -0.077988669 -3.603707552 0.010436256 0.999875247 0.011853287 -0.534612894 0.077866584 -0.012630560 0.996883750 58.140029907
0.996838510 -0.007980628 -0.079051591 -3.687185287 0.008386171 0.999953270 0.004799463 -0.546780229 0.079009607 -0.005447231 0.996858954 59.055541992
0.996775031 -0.006140579 -0.080012813 -3.763221979 0.006158192 0.999981046 -0.000026654 -0.557296276 0.080011457 -0.000466166 0.996793807 59.955833435
0.996752739 -0.000840561 -0.080519252 -3.850662231 0.000891507 0.999999404 0.000596785 -0.565924227 0.080518708 -0.000666631 0.996752858 60.855815887
0.996640265 0.001875065 -0.081882648 -3.934555769 -0.001604947 0.999993086 0.003364530 -0.582922876 0.081888400 -0.003221809 0.996636271 61.755924225
0.996532798 0.004296505 -0.083089598 -4.007115364 -0.003924432 0.999981523 0.004640779 -0.592994809 0.083108000 -0.004298609 0.996531248 62.635681152
0.996413231 0.004837897 -0.084483407 -4.082403660 -0.004504748 0.999981284 0.004133553 -0.599111795 0.084501840 -0.003738150 0.996416271 63.502742767
0.996300399 0.006568044 -0.085687444 -4.164617538 -0.006136711 0.999967277 0.005296208 -0.610718369 0.085719399 -0.004750775 0.996307969 64.350723267
0.996155143 0.007571049 -0.087278605 -4.241384506 -0.007080838 0.999957442 0.005924850 -0.621828794 0.087319732 -0.005284064 0.996166348 65.192199707
0.996042848 0.007095069 -0.088590354 -4.314318180 -0.006554170 0.999958098 0.006395038 -0.632387280 0.088632002 -0.005789096 0.996047556 66.006599426
0.995938182 0.006737083 -0.089786880 -4.388127327 -0.006095356 0.999953926 0.007419506 -0.636957526 0.089832708 -0.006842087 0.995933414 66.812026978
0.995788813 0.009666994 -0.091165870 -4.464838505 -0.008773517 0.999909520 0.010196267 -0.645723581 0.091256194 -0.009353482 0.995783448 67.607696533
0.995655239 0.011411311 -0.092414081 -4.545431137 -0.010117622 0.999844313 0.014455289 -0.653169096 0.092564642 -0.013457472 0.995615721 68.397048950
0.995477617 0.014353363 -0.093904994 -4.631481171 -0.012899364 0.999787629 0.016072432 -0.655481815 0.094115764 -0.014788433 0.995451331 69.175346375
0.995306611 0.017333794 -0.095205940 -4.710683823 -0.016282020 0.999797702 0.011813179 -0.661757588 0.095391460 -0.010207592 0.995387435 69.922782898
0.995156169 0.017028626 -0.096820392 -4.777073860 -0.016640816 0.999849975 0.004811631 -0.672628045 0.096887805 -0.003177154 0.995290220 70.648345947
0.995025456 0.016393950 -0.098262176 -4.848526001 -0.016576309 0.999861956 -0.001039631 -0.678720772 0.098231569 0.002663284 0.995160043 71.353981018
0.994984984 0.017030908 -0.098563485 -4.924507141 -0.017335815 0.999847174 -0.002237831 -0.684124172 0.098510310 0.003935287 0.995128334 72.047431946
0.994871438 0.019470923 -0.099255718 -5.002831459 -0.019448232 0.999810159 0.001196295 -0.692158937 0.099260151 0.000740189 0.995061219 72.723220825
0.994732380 0.019930314 -0.100550048 -5.076548100 -0.019674297 0.999800205 0.003537263 -0.708661854 0.100600436 -0.001540378 0.994925737 73.376976013
0.994692564 0.016684610 -0.101530299 -5.138377190 -0.016740995 0.999859810 0.000296749 -0.719891667 0.101521030 0.001404544 0.994832277 74.003974915
0.994801283 0.008523265 -0.101478063 -5.187932968 -0.009035101 0.999948621 -0.004585228 -0.738073587 0.101433769 0.005478254 0.994827211 74.598304749
0.994941235 0.004481935 -0.100359090 -5.247317314 -0.005417343 0.999944389 -0.009050012 -0.755966902 0.100312941 0.009547910 0.994910061 75.190948486
0.995201051 0.006805399 -0.097613953 -5.299087048 -0.007820918 0.999919176 -0.010024570 -0.754829943 0.097537868 0.010739895 0.995173872 75.782463074
0.995577574 0.011621017 -0.093222693 -5.365150452 -0.012282697 0.999903262 -0.006527210 -0.771835566 0.093137830 0.007643370 0.995623946 76.358757019
0.996019006 0.010338624 -0.088539220 -5.413655281 -0.010646808 0.999938846 -0.003009219 -0.786565542 0.088502690 0.003939901 0.996068180 76.914955139
0.996528625 0.006583385 -0.082990058 -5.445172787 -0.006537243 0.999978244 0.000827719 -0.791717231 0.082993709 -0.000282321 0.996550083 77.457878113
0.997194052 0.002085432 -0.074830413 -5.479130745 -0.001785213 0.999990106 0.004078656 -0.801055670 0.074838191 -0.003933623 0.997187912 77.990653992
0.997935832 0.005880624 -0.063949414 -5.510022640 -0.005622206 0.999975264 0.004220194 -0.820468068 0.063972659 -0.003851946 0.997944176 78.491821289
0.998727500 0.011028439 -0.049211904 -5.531551361 -0.010884622 0.999935687 0.003189436 -0.819611430 0.049243920 -0.002649724 0.998783290 78.997848511
0.999391019 0.016129900 -0.030943684 -5.549058914 -0.016022168 0.999864757 0.003726417 -0.824939728 0.030999599 -0.003228362 0.999514222 79.490409851
0.999855876 0.014599864 -0.008674931 -5.540235996 -0.014564979 0.999885619 0.004070890 -0.826159358 0.008733377 -0.003943952 0.999954164 79.977790833
0.999786854 0.011067555 0.017431542 -5.508406639 -0.011158658 0.999924600 0.005137821 -0.836293936 -0.017373364 -0.005331238 0.999834895 80.440994263
0.998858392 0.010060543 0.046699151 -5.463962555 -0.010412035 0.999919295 0.007289576 -0.849900603 -0.046622045 -0.007767487 0.998882413 80.887992859
0.996761084 0.009173411 0.079895243 -5.410789013 -0.009904798 0.999912500 0.008762834 -0.858709693 -0.079807892 -0.009525799 0.996764779 81.328834534
0.993065298 0.009000298 0.117219299 -5.332692146 -0.010126786 0.999908030 0.009018050 -0.861681819 -0.117127359 -0.010142567 0.993065119 81.747917175
0.987247229 0.009243863 0.158926085 -5.239094734 -0.010821593 0.999900281 0.009064871 -0.865293503 -0.158826455 -0.010669101 0.987248898 82.174537659
0.978963614 0.008677744 0.203850627 -5.120145798 -0.010690713 0.999904275 0.008775561 -0.869888484 -0.203754961 -0.010770263 0.978962660 82.593109131
0.967430353 0.011123347 0.252892733 -4.991353989 -0.013351374 0.999885678 0.007095685 -0.882068217 -0.252784908 -0.010241047 0.967468262 82.990089417
0.951852441 0.012623823 0.306297004 -4.841817856 -0.014595853 0.999884844 0.004148676 -0.888045192 -0.306209356 -0.008419591 0.951927006 83.366264343
0.932075620 0.013210866 0.362023056 -4.663618088 -0.014627217 0.999892294 0.001171826 -0.883811057 -0.361968547 -0.006387620 0.932168424 83.734558105
0.907772005 0.013166776 0.419257343 -4.465507507 -0.014099221 0.999900222 -0.000874370 -0.884266555 -0.419226944 -0.005117472 0.907867074 84.084350586
0.878659785 0.012968748 0.477272481 -4.246398926 -0.013465790 0.999906480 -0.002379541 -0.900683701 -0.477258712 -0.004336045 0.878752112 84.415954590
0.845294178 0.011241914 0.534182906 -4.014514923 -0.010527856 0.999934971 -0.004384353 -0.907561064 -0.534197450 -0.001917732 0.845357537 84.681846619
0.808141410 0.010907190 0.588887393 -3.758846283 -0.009404561 0.999939919 -0.005614516 -0.915921688 -0.588913321 -0.001000905 0.808195531 84.969459534
0.767898500 0.009762014 0.640497148 -3.484188080 -0.008924059 0.999949872 -0.004541398 -0.927062452 -0.640509367 -0.002228500 0.767947137 85.240943909
0.725797892 0.009177635 0.687846899 -3.184993744 -0.010327920 0.999943674 -0.002444054 -0.932637334 -0.687830508 -0.005330140 0.725851715 85.481811523
0.681039393 0.007884549 0.732204318 -2.880348206 -0.008889967 0.999957383 -0.002499020 -0.937517583 -0.732192755 -0.004807341 0.681080461 85.696334839
0.634655833 0.006313303 0.772769094 -2.555854797 -0.005055984 0.999979138 -0.004017191 -0.941768169 -0.772778392 -0.001357575 0.634674430 85.901756287
0.588299572 0.003621495 0.808634996 -2.212734222 0.001092338 0.999985456 -0.005273163 -0.944272757 -0.808642328 0.003985502 0.588286996 86.086166382
0.542317748 0.005377830 0.840156257 -1.876789093 -0.001101122 0.999983191 -0.005690109 -0.959077954 -0.840172768 0.002160732 0.542314529 86.246963501
0.495239288 0.008636011 0.868713617 -1.547012329 -0.004745656 0.999962568 -0.007235355 -0.964419425 -0.868743539 -0.000539383 0.495261759 86.396171570
0.449199051 0.009899449 0.893376827 -1.228248596 -0.005493285 0.999950290 -0.008318299 -0.981459379 -0.893414795 -0.001171000 0.449231088 86.520713806
0.406436175 0.007579468 0.913647711 -0.877426147 0.001902261 0.999956429 -0.009141690 -0.983179212 -0.913677156 0.005453511 0.406404018 86.633216858
0.367540061 -0.000507464 0.930007577 -0.502958298 0.017049899 0.999835432 -0.006192576 -0.988954186 -0.929851294 0.018132554 0.367488265 86.717010498
0.331731498 -0.004050060 0.943365097 -0.141481400 0.021186003 0.999770582 -0.003157774 -0.992322028 -0.943135858 0.021033671 0.331741154 86.807960510
0.298795402 0.000173983 0.954317212 0.229055405 0.018298946 0.999814987 -0.005911653 -0.998771071 -0.954141796 0.019229369 0.298736930 86.905319214
0.268139720 0.007333576 0.963352084 0.592603683 0.007791523 0.999921739 -0.009780661 -1.012887478 -0.963348448 0.010128564 0.268061668 87.001495361
0.239436135 0.012657313 0.970829546 0.963455200 0.003611794 0.999896467 -0.013927057 -1.017709136 -0.970905304 0.006841077 0.239365637 87.093582153
0.213629425 0.014329277 0.976809740 1.354061127 0.004968977 0.999863565 -0.015754191 -1.031110883 -0.976902068 0.008219303 0.213529080 87.159408569
0.190069184 0.015682161 0.981645405 1.761995316 0.011767114 0.999764204 -0.018249998 -1.041494846 -0.981700122 0.015019896 0.189839840 87.214591980
0.170374662 0.021793794 0.985138297 2.174120903 0.018651085 0.999504924 -0.025337227 -1.043157458 -0.985202849 0.022690719 0.169883847 87.252151489
0.150527328 0.029130176 0.988176525 2.601861000 0.020971451 0.999246776 -0.032651056 -1.035296202 -0.988383412 0.025638372 0.149803028 87.306770325
0.132946238 0.029477414 0.990684807 3.046198845 0.019202095 0.999293387 -0.032310411 -1.047718763 -0.990937233 0.023318771 0.132286295 87.364509583
0.117536068 0.025193729 0.992748916 3.502888680 0.017012015 0.999480307 -0.027378682 -1.070569634 -0.992922962 0.020106645 0.117046401 87.412025452
0.102962755 0.022008307 0.994441748 3.973374367 0.017260090 0.999565125 -0.023908775 -1.088885307 -0.994535565 0.019625867 0.102538116 87.456809998
0.089770779 0.019725978 0.995767117 4.452349186 0.019701531 0.999573112 -0.021577507 -1.104122758 -0.995767653 0.021555169 0.089343816 87.486221313
0.078069597 0.018480411 0.996776640 4.947159290 0.023073645 0.999526858 -0.020338573 -1.120934129 -0.996680856 0.024587099 0.077606246 87.512397766
0.067974538 0.019328458 0.997499824 5.458477020 0.026129093 0.999434948 -0.021146517 -1.133174658 -0.997344851 0.027501192 0.067431085 87.536972046
0.059928447 0.019823750 0.998005748 5.986545563 0.028358571 0.999365389 -0.021553637 -1.147782445 -0.997799814 0.029593697 0.059328228 87.564735413
0.054377344 0.019962529 0.998320878 6.535867214 0.029868998 0.999320209 -0.021609439 -1.164497852 -0.998073578 0.030993909 0.053744119 87.589477539
0.048983905 0.021174822 0.998575032 7.099030018 0.031284515 0.999252141 -0.022723805 -1.170898914 -0.998309433 0.032353036 0.048284829 87.607711792
0.043236174 0.021799060 0.998826981 7.674595833 0.031720299 0.999228001 -0.023180887 -1.186525702 -0.998561084 0.032685351 0.042511322 87.625480652
0.038750358 0.021784456 0.999011457 8.280321121 0.034326106 0.999143243 -0.023118798 -1.203811049 -0.998659194 0.035188034 0.037969396 87.645355225
0.035811119 0.021784548 0.999121130 8.900341034 0.035496455 0.999103904 -0.023056455 -1.219302654 -0.998728096 0.036290940 0.035005756 87.663688660
0.032753516 0.021240108 0.999237776 9.538108826 0.036572192 0.999079168 -0.022435518 -1.236450315 -0.998794138 0.037279148 0.031946562 87.680397034
0.030315099 0.020565905 0.999328792 10.187090874 0.038418077 0.999025524 -0.021725096 -1.255517721 -0.998801827 0.039050892 0.029495457 87.699630737
0.029604318 0.020246712 0.999356568 10.864744186 0.043028861 0.998842120 -0.021510953 -1.272625327 -0.998635173 0.043637995 0.028698849 87.713417053
0.030733025 0.020089714 0.999325693 11.553823471 0.046242133 0.998698831 -0.021499235 -1.287543654 -0.998457313 0.046871688 0.029764045 87.727905273
0.033148225 0.020071926 0.999248743 12.256173134 0.047852933 0.998619795 -0.021646719 -1.303409100 -0.998304188 0.048534539 0.032141972 87.749237061
0.036732625 0.020000041 0.999124944 12.984048843 0.050288644 0.998495996 -0.021836305 -1.322467208 -0.998058975 0.051046748 0.035671607 87.778244019
0.041398775 0.019367764 0.998954952 13.724394798 0.051129438 0.998461187 -0.021477100 -1.345506787 -0.997833550 0.051965144 0.040344797 87.804962158
0.045062393 0.017735664 0.998826683 14.477836609 0.052682776 0.998408914 -0.020105045 -1.364163280 -0.997594059 0.053526949 0.044056322 87.845916748
0.048996806 0.016093602 0.998669207 15.249113083 0.052570932 0.998442650 -0.018669188 -1.383970499 -0.997414470 0.053415705 0.048074447 87.889328003
0.053308211 0.014059278 0.998479128 16.036975861 0.049343448 0.998642325 -0.016695997 -1.402270079 -0.997358203 0.050158441 0.052542105 87.936279297
0.056871820 0.013073336 0.998295903 16.830337524 0.048417419 0.998701692 -0.015836941 -1.420672059 -0.997206807 0.049235586 0.056165002 87.996803284
0.061235048 0.014052807 0.998024464 17.637742996 0.046032827 0.998797238 -0.016888088 -1.439618826 -0.997061372 0.046976026 0.060514499 88.051567078
0.064394593 0.017989121 0.997762382 18.440422058 0.043374676 0.998842120 -0.020807948 -1.467926502 -0.996981442 0.044617541 0.063539751 88.101837158
0.065547168 0.023218459 0.997579277 19.238224030 0.037622765 0.998960853 -0.025722660 -1.491384983 -0.997139931 0.039217744 0.064605504 88.169342041
0.065155320 0.026421729 0.997525275 20.040668488 0.034781024 0.998981774 -0.028732097 -1.517516851 -0.997268856 0.036566999 0.064170003 88.231086731
0.065711722 0.026097775 0.997497261 20.875270844 0.032436047 0.999073744 -0.028275793 -1.545890093 -0.997311294 0.034212921 0.064804353 88.289436340
0.065942265 0.024310417 0.997527242 21.691680908 0.029453332 0.999220133 -0.026298709 -1.578597784 -0.997388661 0.031114699 0.065174811 88.347198486
0.065825067 0.023065478 0.997564495 22.507154465 0.030592874 0.999216199 -0.025122359 -1.609717131 -0.997362018 0.032172050 0.065067828 88.402893066
0.065536492 0.022209758 0.997602940 23.327514648 0.028073886 0.999315500 -0.024092166 -1.645099878 -0.997455180 0.029585509 0.064868107 88.474990845
0.065517835 0.022613619 0.997595131 24.142498016 0.026284827 0.999357283 -0.024379833 -1.675165415 -0.997505128 0.027818929 0.064881317 88.538391113
0.065618671 0.023236215 0.997574210 24.957084656 0.023144929 0.999424458 -0.024801746 -1.705960035 -0.997576356 0.024716241 0.065043099 88.600234985
0.064550504 0.024477439 0.997614145 25.770050049 0.020613477 0.999453127 -0.025856348 -1.737951875 -0.997701466 0.022233339 0.064010635 88.655647278
0.061654337 0.024184156 0.997804463 26.584390640 0.017515944 0.999526262 -0.025308196 -1.767142534 -0.997943759 0.019037848 0.061201505 88.714843750
0.057357199 0.023130216 0.998085797 27.396137238 0.014845602 0.999601305 -0.024018472 -1.796995282 -0.998243332 0.016194819 0.056990951 88.774803162
0.052366551 0.020349670 0.998420537 28.211565018 0.013116674 0.999692082 -0.021063546 -1.829396963 -0.998541772 0.014198983 0.052083500 88.825065613
0.046818111 0.018501638 0.998732090 29.014503479 0.011109111 0.999756932 -0.019041395 -1.853241205 -0.998841584 0.011986508 0.046601191 88.854583740
0.039032012 0.018819742 0.999060750 29.816932678 0.010937200 0.999754667 -0.019260114 -1.878284574 -0.999177992 0.011678687 0.038816601 88.889907837
0.030485777 0.019444663 0.999346077 30.622798920 0.010542115 0.999748886 -0.019774100 -1.909102440 -0.999479532 0.011138050 0.030273130 88.912757874
0.020792078 0.019979671 0.999584138 31.411193848 0.010802192 0.999737382 -0.020207433 -1.936908722 -0.999725461 0.011217853 0.020570796 88.924980164
0.010549406 0.019124961 0.999761343 32.210006714 0.012179099 0.999740422 -0.019253073 -1.960594058 -0.999870181 0.012379302 0.010313741 88.931343079
-0.000405598 0.018094851 0.999836206 33.004219055 0.011073412 0.999775052 -0.018089253 -1.989660382 -0.999938607 0.011064260 -0.000605879 88.933570862
-0.011499413 0.017188042 0.999786139 33.790493011 0.012444587 0.999777257 -0.017044755 -2.014492512 -0.999856353 0.012245920 -0.011710750 88.921073914
-0.022346927 0.017552845 0.999596179 34.572208405 0.012504973 0.999772549 -0.017276382 -2.038766146 -0.999672055 0.012113848 -0.022561342 88.899925232
-0.033444870 0.018195346 0.999274909 35.343738556 0.012536990 0.999763310 -0.017784631 -2.064594030 -0.999361873 0.011933095 -0.033665061 88.870170593
-0.043910787 0.019253777 0.998849869 36.116062164 0.012924468 0.999741554 -0.018702783 -2.092741013 -0.998951852 0.012088348 -0.044148285 88.834800720
-0.054504253 0.020451486 0.998304188 36.881450653 0.013554865 0.999713302 -0.019740302 -2.114319324 -0.998421550 0.012455945 -0.054765843 88.794303894
-0.063825414 0.020984098 0.997740507 37.640953064 0.014723353 0.999689877 -0.020083249 -2.144142628 -0.997852504 0.013408264 -0.064114586 88.737014771
-0.073438600 0.021570964 0.997066438 38.407745361 0.015416571 0.999671102 -0.020491812 -2.167374611 -0.997180521 0.013866455 -0.073747009 88.685363770
-0.082783371 0.021757746 0.996330082 39.146774292 0.016028091 0.999661386 -0.020498753 -2.195788383 -0.996438622 0.014272314 -0.083104081 88.624130249
-0.091158502 0.021389166 0.995606601 39.878021240 0.017333658 0.999651909 -0.019888988 -2.217630386 -0.995685518 0.015444456 -0.091497518 88.548332214
-0.098614581 0.020191548 0.994920850 40.616283417 0.018979020 0.999650419 -0.018406374 -2.244564533 -0.994944692 0.017067485 -0.098963328 88.473930359
-0.103938237 0.018756162 0.994406939 41.339179993 0.021711009 0.999626637 -0.016585322 -2.267344952 -0.994346797 0.019865725 -0.104306661 88.399070740
-0.107630119 0.017212393 0.994042039 42.047348022 0.024769906 0.999586105 -0.014626426 -2.289018631 -0.993882418 0.023048082 -0.108011931 88.315284729
-0.110389821 0.016170785 0.993756831 42.752975464 0.026483735 0.999560416 -0.013323322 -2.308049679 -0.993535399 0.024847632 -0.110769555 88.233230591
-0.112063192 0.015144292 0.993585706 43.439064026 0.026629683 0.999570489 -0.012232043 -2.329792738 -0.993344188 0.025088105 -0.112418339 88.156127930
-0.112913720 0.015710013 0.993480504 44.103324890 0.027637178 0.999537766 -0.012664701 -2.347679853 -0.993220329 0.026026983 -0.113295704 88.079620361
-0.111733958 0.016629457 0.993599057 44.754211426 0.028382398 0.999505460 -0.013536605 -2.368936777 -0.993332684 0.026688227 -0.112150699 88.006767273
-0.108570226 0.018567909 0.993915319 45.371757507 0.029404793 0.999448001 -0.015459239 -2.384109020 -0.993653774 0.027547464 -0.109056279 87.938163757
-0.103414968 0.018562920 0.994464993 45.987285614 0.028948413 0.999458492 -0.015645765 -2.413310051 -0.994216859 0.027170183 -0.103896335 87.870780945
-0.095530480 0.019560799 0.995234311 46.596225739 0.028804243 0.999442577 -0.016878651 -2.430707455 -0.995009661 0.027054545 -0.096040659 87.818092346
-0.084370196 0.019700404 0.996239662 47.174926758 0.027769968 0.999462664 -0.017412335 -2.449338913 -0.996047437 0.026196461 -0.084871948 87.777488708
-0.070694298 0.019763872 0.997302234 47.729824066 0.027238702 0.999469161 -0.017875988 -2.473111153 -0.997126102 0.025901489 -0.071195096 87.747680664
-0.053618658 0.020835469 0.998344123 48.282249451 0.026036404 0.999471605 -0.019460645 -2.498142242 -0.998221993 0.024949839 -0.054132808 87.731468201
-0.032450143 0.023392502 0.999199569 48.808326721 0.024104614 0.999453604 -0.022615625 -2.520205498 -0.999182642 0.023351440 -0.032996282 87.731475830
-0.007610276 0.026439071 0.999621391 49.335620880 0.022240013 0.999407589 -0.026264101 -2.541478395 -0.999723613 0.022031717 -0.008193778 87.743751526
0.020416610 0.028054819 0.999397814 49.850856781 0.020411883 0.999386191 -0.028471481 -2.564182281 -0.999583066 0.020980882 0.019831426 87.777626038
0.053222861 0.027602216 0.998201132 50.348403931 0.017484408 0.999438941 -0.028568693 -2.584988356 -0.998429596 0.018973464 0.052710380 87.829681396
0.092479177 0.024509659 0.995412886 50.820789337 0.016529806 0.999521434 -0.026146529 -2.614778996 -0.995577335 0.018871995 0.092029773 87.871047974
0.134412020 0.021019744 0.990702689 51.351985931 0.014704977 0.999622524 -0.023204073 -2.633688688 -0.990816414 0.017687164 0.134052217 87.970527649
0.180126220 0.016612006 0.983503282 51.841697693 0.012240842 0.999742150 -0.019128170 -2.654313087 -0.983567417 0.015484393 0.179876402 88.082435608
0.228446856 0.013581041 0.973461628 52.324954987 0.007871886 0.999844193 -0.015796445 -2.667382240 -0.973524630 0.011271629 0.228304386 88.226371765
0.279762745 0.011653232 0.959998429 52.791191101 0.003902285 0.999904335 -0.013274841 -2.690204144 -0.960061252 0.007459995 0.279690504 88.398277283
0.334040523 0.011930007 0.942483187 53.238784790 0.003200034 0.999899805 -0.013790965 -2.695814848 -0.942553282 0.007622720 0.333968937 88.590431213
0.392634511 0.012503806 0.919609487 53.677276611 0.005433643 0.999858618 -0.015914876 -2.709006071 -0.919678509 0.011245561 0.392511040 88.801849365
0.452020407 0.015821997 0.891867161 54.088207245 0.006496498 0.999757767 -0.021028597 -2.726110458 -0.891983926 0.015299369 0.451808244 89.055923462
0.510859609 0.019839097 0.859435081 54.464920044 0.007103153 0.999602079 -0.027296903 -2.736141205 -0.859634817 0.020049589 0.510515392 89.318466187
0.568857551 0.024211222 0.822079599 54.829559326 0.003063454 0.999497294 -0.031556215 -2.748365641 -0.822430372 0.020469395 0.568497419 89.621566772
0.625621080 0.027266236 0.779650569 55.180183411 -0.000818306 0.999411404 -0.034295164 -2.760905266 -0.780126572 0.020817786 0.625275195 89.938049316
0.677929997 0.029620722 0.734529495 55.498542786 -0.003571187 0.999308765 -0.037002247 -2.767120361 -0.735117793 0.022461787 0.677567244 90.289260864
0.725624561 0.026964942 0.687562168 55.735988617 -0.002864511 0.999341547 -0.036169272 -2.782286406 -0.688084722 0.024275785 0.725224018 90.615135193
0.771109045 0.024081558 0.636247575 56.008522034 -0.005304499 0.999492764 -0.031401299 -2.795457840 -0.636680901 0.020838855 0.770845592 91.002418518
0.811922550 0.019651968 0.583434224 56.231208801 -0.006319053 0.999670506 -0.024878405 -2.803958416 -0.583731055 0.016512588 0.811779261 91.403022766
0.848571658 0.017962318 0.528775573 56.454448700 -0.009594580 0.999781549 -0.018564980 -2.814562321 -0.528993547 0.010680337 0.848558605 91.829299927
0.879812002 0.012103589 0.475167662 56.651844025 -0.008251785 0.999913990 -0.010191200 -2.839596510 -0.475250125 0.005045359 0.879836202 92.254241943
0.905517995 0.013044358 0.424107313 56.815189362 -0.012058209 0.999914706 -0.005008921 -2.849025726 -0.424136430 -0.000578306 0.905598104 92.694732666
0.925456285 0.014623828 0.378571987 56.946212769 -0.015405936 0.999880791 -0.000963000 -2.866968393 -0.378541052 -0.004941043 0.925571322 93.133575439
0.940417945 0.021071244 0.339367270 57.049495697 -0.022962477 0.999735057 0.001557794 -2.878230572 -0.339244604 -0.009257689 0.940652668 93.570716858
0.952260017 0.024943577 0.304267526 57.157257080 -0.026500728 0.999648273 0.000988540 -2.882534266 -0.304135919 -0.009004658 0.952586055 94.024452209
0.961476803 0.026967637 0.273560107 57.267757416 -0.028273311 0.999599874 0.000830852 -2.878802776 -0.273428261 -0.008533297 0.961854577 94.487846375
0.967628241 0.021246253 0.251483858 57.382453918 -0.022135822 0.999754727 0.000708627 -2.881468058 -0.251407057 -0.006252491 0.967861354 94.946174622
0.971611857 0.018065354 0.235890090 57.488918304 -0.018991582 0.999818206 0.001654897 -2.891712189 -0.235817298 -0.006087843 0.971778333 95.429702759
0.974494398 0.022714337 0.223259404 57.582328796 -0.023523206 0.999722838 0.000963878 -2.892518997 -0.223175675 -0.006191071 0.974758625 95.924736023
0.976511180 0.027794959 0.213666454 57.674869537 -0.028757412 0.999585509 0.001397038 -2.891452789 -0.213539094 -0.007508718 0.976905644 96.427368164
0.977630854 0.035200417 0.207361743 57.767913818 -0.035982773 0.999352455 0.000001183 -2.890813351 -0.207227439 -0.007462608 0.978264272 96.936401367
0.977896571 0.041918322 0.204844132 57.855297089 -0.042197242 0.999104738 -0.003008381 -2.908513546 -0.204786867 -0.005701974 0.978789926 97.454254150
0.977993965 0.043763239 0.203991666 57.966003418 -0.043625791 0.999034584 -0.005172906 -2.922206402 -0.204021156 -0.003840228 0.978958905 97.970962524
0.977705240 0.040565938 0.206026286 58.089778900 -0.039522652 0.999176502 -0.009178622 -2.922162771 -0.206229001 0.000831282 0.978503406 98.487106323
0.976943493 0.039331056 0.209844053 58.211578369 -0.036807835 0.999195516 -0.015917793 -2.925915718 -0.210301310 0.007826880 0.977605283 99.036399841
0.976053357 0.039320312 0.213947833 58.334220886 -0.035703398 0.999147058 -0.020745041 -2.930554867 -0.214581072 0.012609602 0.976624846 99.596321106
0.974805474 0.044449098 0.218583003 58.452972412 -0.041083150 0.998957098 -0.019922283 -2.948982716 -0.219240591 0.010440274 0.975614965 100.173110962
0.973400593 0.047519345 0.224127486 58.581634521 -0.044995707 0.998853326 -0.016356809 -2.956693649 -0.224647760 0.005836954 0.974422574 100.762481689
0.972418010 0.044373792 0.228985250 58.722351074 -0.042906724 0.999014199 -0.011384050 -2.975019217 -0.229264647 0.001245049 0.973363459 101.365219116
0.971794724 0.040180802 0.232380211 58.878486633 -0.039898727 0.999186218 -0.005915835 -2.986194611 -0.232428804 -0.003522699 0.972607017 101.977066040
0.970891714 0.037648950 0.236541703 59.028678894 -0.038459361 0.999259412 -0.001188785 -2.995670795 -0.236411259 -0.007943063 0.971620679 102.605720520
0.970366895 0.032550704 0.239434242 59.186988831 -0.033440109 0.999440610 -0.000348008 -3.006172895 -0.239311665 -0.007669012 0.970912516 103.230911255
0.970319688 0.029315380 0.240042314 59.342082977 -0.029278798 0.999564350 -0.003719398 -3.013401508 -0.240046769 -0.003419146 0.970755339 103.876091003
0.970524371 0.028782018 0.239278287 59.515754700 -0.027023688 0.999578297 -0.010626675 -3.024225712 -0.239483222 0.003847264 0.970892847 104.527336121
0.970681906 0.030964913 0.238365099 59.672573090 -0.027644480 0.999468744 -0.017261211 -3.035093784 -0.238772959 0.010165664 0.971022189 105.185867310
0.971214533 0.034065075 0.235758245 59.827987671 -0.029916266 0.999328494 -0.021153400 -3.042768955 -0.236320540 0.013491483 0.971581519 105.869461060
0.971833289 0.032326128 0.233441487 59.992504120 -0.029154981 0.999429941 -0.017023183 -3.051541090 -0.233858660 0.009737715 0.972221911 106.559730530
0.972239435 0.028306019 0.232269838 60.161773682 -0.026857683 0.999595106 -0.009396234 -3.069271564 -0.232441738 0.002897159 0.972606063 107.269203186
0.972862303 0.029079571 0.229550242 60.329605103 -0.029127158 0.999570608 -0.003181757 -3.085780144 -0.229544222 -0.003590735 0.973291576 107.976379395
0.973166645 0.032351281 0.227816075 60.489639282 -0.032350224 0.999469578 -0.003739697 -3.098749638 -0.227816209 -0.003730554 0.973697007 108.707046509
0.973479509 0.037941564 0.225605562 60.646842957 -0.036970042 0.999280095 -0.008531087 -3.108265638 -0.225766763 -0.000035807 0.974181414 109.438171387
0.974294543 0.039186362 0.221843511 60.807830811 -0.037021928 0.999217689 -0.013908196 -3.116265297 -0.222214967 0.005337605 0.974983096 110.166427612
0.975221574 0.037742358 0.217986658 60.974533081 -0.034855217 0.999246538 -0.017076045 -3.127154827 -0.218466923 0.009054956 0.975802302 110.923408508
0.976217210 0.035248987 0.213909656 61.144008636 -0.032724451 0.999346852 -0.015332571 -3.143282175 -0.214310378 0.007967846 0.976733148 111.696174622
0.977040172 0.031660739 0.210689709 61.307640076 -0.029551081 0.999476671 -0.013154795 -3.160578251 -0.210995972 0.006626653 0.977464497 112.472450256
0.977464795 0.030398285 0.208898902 61.474166870 -0.028879836 0.999529660 -0.010315833 -3.176685333 -0.209114224 0.004050395 0.977882862 113.264686584
0.977770329 0.027563723 0.207859203 61.640167236 -0.026461756 0.999617219 -0.008080710 -3.189815044 -0.208002359 0.002400758 0.978125453 114.068313599
0.977949798 0.022472495 0.207627580 61.808795929 -0.021511003 0.999744892 -0.006887743 -3.202355385 -0.207729399 0.002269589 0.978183687 114.853698730
0.978048742 0.023196304 0.207081333 61.973220825 -0.022570414 0.999730825 -0.005384815 -3.214795113 -0.207150489 0.000592701 0.978308856 115.656715393
0.977851033 0.028443515 0.207360730 62.139175415 -0.027575428 0.999594569 -0.007076203 -3.233281136 -0.207477957 0.001201411 0.978238940 116.476066589
0.977600574 0.034032766 0.207699075 62.302886963 -0.032523453 0.999413908 -0.010678303 -3.240466356 -0.207940787 0.003684024 0.978134453 117.288764954
0.977053642 0.042686339 0.208672017 62.464950562 -0.041018683 0.999082446 -0.012314614 -3.252483845 -0.209006220 0.003472588 0.977908194 118.118011475
0.976145029 0.048518069 0.211629003 62.627891541 -0.047077812 0.998821080 -0.011841936 -3.265956879 -0.211954072 0.001596419 0.977278233 118.953628540
0.975371122 0.050898362 0.214617625 62.799133301 -0.049985521 0.998703063 -0.009681961 -3.291035652 -0.214832082 -0.001284268 0.976650059 119.789306641
0.974804282 0.051663030 0.216996536 62.982254028 -0.050600626 0.998664260 -0.010453232 -3.311134815 -0.217246726 -0.000790304 0.976116419 120.610176086
0.974462748 0.049972657 0.218917936 63.165859222 -0.048189018 0.998747289 -0.013482939 -3.323626280 -0.219317451 0.002589185 0.975650132 121.439170837
0.974443197 0.043772213 0.220327809 63.359405518 -0.042152572 0.999038577 -0.012049479 -3.343921661 -0.220643386 0.002454152 0.975351512 122.283721924
0.974672854 0.037555315 0.220459729 63.558776855 -0.035483465 0.999281108 -0.013351867 -3.369975567 -0.220802680 0.005191027 0.975304663 123.108192444
0.974464297 0.036360390 0.221579105 63.741306305 -0.034253918 0.999324083 -0.013343296 -3.391505241 -0.221914485 0.005412613 0.975051045 123.938323975
0.973889172 0.038880337 0.223669752 63.926567078 -0.037434179 0.999241710 -0.010703797 -3.407405615 -0.223916322 0.002051417 0.974606156 124.785247803
0.973453879 0.040892508 0.225200802 64.108329773 -0.040855709 0.999153435 -0.004825655 -3.425692558 -0.225207463 -0.004503188 0.974300444 125.631790161
0.973091543 0.045013554 0.225979060 64.293670654 -0.046046749 0.998939097 -0.000699581 -3.446658373 -0.225770786 -0.009724847 0.974131942 126.472328186
0.972881019 0.043929443 0.227096349 64.480209351 -0.043477092 0.999029934 -0.006996115 -3.465774059 -0.227183357 -0.003067100 0.973847151 127.291244507
0.973118007 0.039820310 0.226838320 64.670860291 -0.035880510 0.999125540 -0.021466894 -3.486140966 -0.227494746 0.012750747 0.973695755 128.096954346
