1.000000000 0.000000000 0.000000000 0.000000000 0.000000000 1.000000000 0.000000000 0.000000000 0.000000000 0.000000000 1.000000000 0.000000000
0.999995410 0.002999590 0.000090077 -0.009864700 -0.002999704 0.999994695 0.001284922 -0.014356774 -0.000086222 -0.001285186 0.999999166 0.787996888
0.999983847 0.005663093 0.000534765 -0.027449286 -0.005664050 0.999982357 0.001802033 -0.033680115 -0.000524550 -0.001805033 0.999998152 1.551814198
0.999975741 0.006866171 0.001126825 -0.044555608 -0.006867987 0.999975085 0.001615482 -0.053145617 -0.001115705 -0.001623182 0.999998033 2.299166679
0.999959528 0.008926854 0.001095795 -0.053131428 -0.008928189 0.999959409 0.001221376 -0.067633867 -0.001084847 -0.001231110 0.999998629 3.041546345
0.999958038 0.009044500 0.001426799 -0.063303880 -0.009045814 0.999958634 0.000917486 -0.080752142 -0.001418442 -0.000930354 0.999998569 3.762683153
0.999957561 0.009025514 0.001839103 -0.071872272 -0.009029118 0.999957263 0.001959468 -0.099927969 -0.001821340 -0.001975990 0.999996364 4.482362270
0.999949753 0.009716247 0.002439371 -0.081487432 -0.009727621 0.999941647 0.004694134 -0.113396324 -0.002393620 -0.004717628 0.999985993 5.166629314
0.999945760 0.009717979 0.003748088 -0.079127625 -0.009749813 0.999915719 0.008570839 -0.122976229 -0.003664481 -0.008606916 0.999956191 5.855696201
0.999948442 0.008798750 0.005065206 -0.084002085 -0.008859903 0.999886513 0.012180064 -0.138384685 -0.004957463 -0.012224315 0.999912977 6.485537052
0.999952674 0.007878792 0.005707391 -0.082503200 -0.007960786 0.999863267 0.014489147 -0.149755433 -0.005592454 -0.014533898 0.999878764 7.104156971
0.999944210 0.008045629 0.006830608 -0.078297786 -0.008142684 0.999864459 0.014301963 -0.160126135 -0.006714615 -0.014356786 0.999874353 7.706421375
0.999918103 0.009575724 0.008484143 -0.094072036 -0.009676268 0.999882400 0.011890635 -0.173673809 -0.008369283 -0.011971755 0.999893308 8.248964310
0.999915361 0.009304974 0.009093028 -0.093273833 -0.009386210 0.999915957 0.008932468 -0.178393722 -0.009009146 -0.009017061 0.999918759 8.783529282
0.999920487 0.007320166 0.010262020 -0.081989042 -0.007398508 0.999943614 0.007617317 -0.188104823 -0.010205680 -0.007692634 0.999918282 9.290701866
0.999913394 0.004124822 0.012500124 -0.081758969 -0.004192692 0.999976575 0.005408361 -0.194122314 -0.012477521 -0.005460301 0.999907255 9.766384125
0.999897718 0.002025343 0.014156271 -0.066328406 -0.002085430 0.999988854 0.004231079 -0.204074457 -0.014147544 -0.004260168 0.999890864 10.221611023
0.999851286 0.006311825 0.016048701 -0.065483928 -0.006345863 0.999977648 0.002070943 -0.212851211 -0.016035272 -0.002172479 0.999869049 10.636504173
0.999764442 0.010719229 0.018867183 -0.061720908 -0.010748326 0.999941111 0.001441450 -0.221759453 -0.018850625 -0.001643902 0.999820948 11.040387154
0.999698102 0.010852193 0.022042984 -0.058333099 -0.010907511 0.999937654 0.002390863 -0.232076824 -0.022015665 -0.002630576 0.999754190 11.387558937
0.999659538 0.006762777 0.025198989 -0.048360586 -0.006845465 0.999971449 0.003196584 -0.242146909 -0.025176652 -0.003367995 0.999677360 11.714733124
0.999617279 0.002464613 0.027558312 -0.029906511 -0.002542667 0.999992967 0.002797637 -0.243497476 -0.027551224 -0.002866638 0.999616385 12.004685402
0.999546945 -0.001065958 0.030082429 -0.018122941 0.000938877 0.999990582 0.004238216 -0.250089765 -0.030086666 -0.004208052 0.999538422 12.267453194
0.999470532 -0.001326474 0.032512035 -0.011349767 0.001160713 0.999986231 0.005116773 -0.254808217 -0.032518379 -0.005076325 0.999458253 12.500454903
0.999400139 -0.001022902 0.034616962 -0.008468062 0.000867444 0.999989510 0.004505537 -0.264349312 -0.034621205 -0.004472807 0.999390543 12.707757950
0.999337256 -0.000184795 0.036399618 0.007895499 0.000073186 0.999995291 0.003067535 -0.268632233 -0.036400013 -0.003062839 0.999332547 12.910303116
0.999229312 0.002102435 0.039196022 0.006983995 -0.002193091 0.999995053 0.002270041 -0.274875373 -0.039191052 -0.002354252 0.999228954 13.069759369
0.999158204 0.004969310 0.040721804 0.009644151 -0.005041680 0.999985874 0.001674658 -0.282118350 -0.040712908 -0.001878555 0.999169171 13.246963501
0.999094844 0.006304238 0.042069618 0.013617039 -0.006324995 0.999979913 0.000360294 -0.290268600 -0.042066503 -0.000626059 0.999114633 13.401258469
0.998995662 0.005974900 0.044409521 0.015277386 -0.005914773 0.999981344 -0.001485197 -0.293390781 -0.044417571 0.001221033 0.999012351 13.551895142
0.998945951 0.004183863 0.045710661 0.025970995 -0.004060910 0.999988019 -0.002782319 -0.300783753 -0.045721751 0.002593760 0.998950779 13.705533028
0.998885036 0.003727399 0.047063380 0.031832695 -0.003551234 0.999986410 -0.003826192 -0.302311361 -0.047077011 0.003654792 0.998884559 13.849068642
0.998805344 0.004493072 0.048658125 0.037211537 -0.004233171 0.999976218 -0.005443122 -0.304161817 -0.048681423 0.005230641 0.998800635 13.984217644
0.998751223 0.005100527 0.049698219 0.044653773 -0.004744989 0.999962330 -0.007269314 -0.309918463 -0.049733415 0.007024419 0.998737812 14.106268883
0.998713136 0.005067326 0.050461311 0.054761589 -0.004587304 0.999943197 -0.009623957 -0.311166346 -0.050507199 0.009380090 0.998679638 14.236204147
0.998680949 0.004374137 0.051159564 0.060058057 -0.003780434 0.999924541 -0.011695931 -0.317580670 -0.051206853 0.011487097 0.998622000 14.361446381
0.998712480 0.003702545 0.050593030 0.068765104 -0.003017621 0.999902904 -0.013607608 -0.320000887 -0.050638489 0.013437416 0.998626590 14.496431351
0.998815119 0.002720167 0.048589915 0.071952879 -0.002011155 0.999890924 -0.014634700 -0.326625288 -0.048624415 0.014519637 0.998711586 14.618414879
0.998952389 0.003024613 0.045663089 0.073305249 -0.002314460 0.999875665 -0.015596900 -0.329915583 -0.045704585 0.015474874 0.998835087 14.746988297
0.999119282 0.003614231 0.041803397 0.071138799 -0.002912540 0.999854028 -0.016834220 -0.331276238 -0.041858133 0.016697640 0.998984039 14.872302055
0.999330759 0.003669704 0.036394931 0.063765049 -0.003024557 0.999837577 -0.017765528 -0.337255716 -0.036454216 0.017643558 0.999179542 14.998449326
0.999557197 0.003654930 0.029531229 0.066119522 -0.003111594 0.999825418 -0.018423768 -0.339399189 -0.029593408 0.018323718 0.999394059 15.129515648
0.999742508 0.003514618 0.022418791 0.059370548 -0.003080958 0.999807954 -0.019348871 -0.342060208 -0.022482492 0.019274818 0.999561429 15.257685661
0.999887168 0.003888347 0.014514264 0.054900110 -0.003588666 0.999781013 -0.020616641 -0.339927107 -0.014591249 0.020562228 0.999682069 15.395643234
0.999984205 0.002958517 0.004783817 0.036924787 -0.002854707 0.999763370 -0.021563316 -0.347417831 -0.004846480 0.021549318 0.999756038 15.527296066
0.999965131 0.001552391 -0.008216023 0.030120283 -0.001742403 0.999730051 -0.023170583 -0.348501563 0.008177835 0.023184087 0.999697804 15.686372757
0.999712288 0.000576123 -0.023979180 0.007108420 -0.001179780 0.999682486 -0.025167685 -0.352235883 0.023957066 0.025188735 0.999395609 15.839459419
0.999088168 0.000611435 -0.042690825 -0.021748066 -0.001726497 0.999658167 -0.026087496 -0.358296752 0.042660277 0.026137406 0.998747826 16.008037567
0.997924984 0.001520101 -0.064369120 -0.053646445 -0.003174916 0.999666870 -0.025613723 -0.364175022 0.064308740 0.025764940 0.997597396 16.203187943
0.996166646 0.002070932 -0.087450773 -0.102863908 -0.004213707 0.999695301 -0.024325160 -0.369476616 0.087373734 0.024600405 0.995871842 16.405298233
0.993496060 0.003600546 -0.113810256 -0.159528852 -0.006232393 0.999721110 -0.022777528 -0.378113031 0.113696501 0.023338690 0.993241310 16.630186081
0.989673913 0.004425269 -0.143269166 -0.235634565 -0.007448554 0.999760509 -0.020572679 -0.387206703 0.143143833 0.021427393 0.989469886 16.877458572
0.984411478 0.004435854 -0.175824836 -0.302443027 -0.007565153 0.999824643 -0.017131530 -0.392721653 0.175717995 0.018194616 0.984272301 17.106575012
0.977207124 0.005552844 -0.212215930 -0.395965576 -0.008562557 0.999875367 -0.013265919 -0.397682428 0.212115809 0.014780661 0.977132678 17.374652863
0.967937171 0.007208922 -0.251089036 -0.525081635 -0.009589738 0.999919891 -0.008259689 -0.398668945 0.251009434 0.010402742 0.967928648 17.649709702
0.956418872 0.010978930 -0.291791588 -0.638494492 -0.012455439 0.999917209 -0.003202953 -0.405872464 0.291732341 0.006697756 0.956476569 17.920715332
0.942598999 0.014429786 -0.333614647 -0.774609089 -0.014927008 0.999887884 0.001073052 -0.408099204 0.333592713 0.003968410 0.942708969 18.200141907
0.926413655 0.017428529 -0.376103371 -0.927423000 -0.015992532 0.999847889 0.006940051 -0.416785896 0.376167178 -0.000414513 0.926551759 18.471817017
0.907600105 0.020606648 -0.419329643 -1.069343567 -0.015908370 0.999765396 0.014698160 -0.428533554 0.419534266 -0.006669199 0.907714963 18.734792709
0.886298716 0.025479864 -0.462412626 -1.261705399 -0.017660024 0.999618709 0.021232301 -0.429574460 0.462777168 -0.010651942 0.886410594 19.025123596
0.862046659 0.030616520 -0.505903363 -1.490496635 -0.020468036 0.999462485 0.025608968 -0.426176757 0.506415367 -0.011721275 0.862209976 19.329162598
0.834879756 0.033674810 -0.549401462 -1.726468086 -0.021394067 0.999357820 0.028743491 -0.421739638 0.550016582 -0.012243424 0.835063994 19.612171173
0.804383755 0.037752941 -0.592909336 -1.963016510 -0.024192035 0.999232531 0.030804519 -0.421621978 0.593617320 -0.010434970 0.804679692 19.877803802
0.771546602 0.040241633 -0.634898782 -2.255253792 -0.024355037 0.999134064 0.033730950 -0.413028419 0.635706425 -0.010562008 0.771858633 20.173442841
0.734794378 0.043901041 -0.676867664 -2.563230515 -0.025346661 0.998983383 0.037277341 -0.395281076 0.677816093 -0.010234844 0.735160232 20.466335297
0.696013391 0.044635039 -0.716640115 -2.899802208 -0.023026587 0.998940051 0.039853927 -0.376709640 0.717659473 -0.011237091 0.696303546 20.754846573
0.655772686 0.044455837 -0.753648460 -3.265285492 -0.020585816 0.998946548 0.041013010 -0.360829413 0.754677713 -0.011380740 0.655996978 21.030735016
0.615777731 0.043470386 -0.786719859 -3.654167175 -0.015316370 0.998948574 0.043208782 -0.351984084 0.787771046 -0.014557313 0.615796149 21.264804840
0.571575940 0.043017238 -0.819420815 -4.071383476 -0.010389328 0.998924136 0.045193721 -0.332403064 0.820483446 -0.017318407 0.571407914 21.523838043
0.526156902 0.044588476 -0.849217713 -4.520146370 -0.008272089 0.998845577 0.047319524 -0.316189885 0.850347281 -0.017872697 0.525918484 21.751838684
0.477469742 0.044701163 -0.877510548 -4.999837875 -0.007560468 0.998877048 0.046769902 -0.295696378 0.878615797 -0.015696820 0.477271527 21.972665787
0.426097125 0.043709580 -0.903620958 -5.498971939 -0.001711238 0.998869300 0.047509976 -0.279059350 0.904675841 -0.018697551 0.425690114 22.171421051
0.373097777 0.042679787 -0.926809847 -6.006141663 0.002873776 0.998883426 0.047155660 -0.255227208 0.927787483 -0.020257119 0.372558504 22.342414856
0.320987284 0.041693371 -0.946165323 -6.559118748 0.005386065 0.998933971 0.045845881 -0.231799841 0.947068095 -0.019812053 0.320420504 22.488498688
0.269592166 0.047215797 -0.961816311 -7.152560711 0.005858460 0.998698354 0.050668444 -0.195983350 0.962956786 -0.019294577 0.268964678 22.613412857
0.219507158 0.052346721 -0.974205494 -7.746027470 0.007792342 0.998433590 0.055404328 -0.168622017 0.975579739 -0.019752990 0.218755454 22.699853897
0.172036335 0.053278238 -0.983648837 -8.381290436 0.012694864 0.998333514 0.056293905 -0.137680173 0.985008836 -0.022171885 0.171073288 22.787178040
0.128443688 0.055028353 -0.990188897 -8.973739624 0.017377138 0.998181164 0.057726607 -0.131614029 0.991564512 -0.024621269 0.127253830 22.840505600
0.088884324 0.053434480 -0.994607568 -9.624398232 0.016877415 0.998335779 0.055143040 -0.102455080 0.995898902 -0.021687759 0.087834552 22.860988617
0.053741209 0.049021434 -0.997350991 -10.285781860 0.014241571 0.998654962 0.049852930 -0.065858066 0.998453319 -0.016882999 0.052970804 22.868036270
0.025768053 0.049014032 -0.998465598 -10.977656364 0.011865159 0.998711884 0.049332336 -0.030983388 0.999597549 -0.013118155 0.025153307 22.855272293
0.005116761 0.053023722 -0.998580158 -11.696409225 0.010303645 0.998537421 0.053074256 0.000336826 0.999933779 -0.010560584 0.004562948 22.833728790
-0.007426892 0.059021160 -0.998229086 -12.438164711 0.012266004 0.998186886 0.058927406 0.031009674 0.999897182 -0.011806635 -0.008137381 22.818132401
-0.014940340 0.061622173 -0.997987747 -13.193144798 0.011779854 0.998040736 0.061449092 0.065151751 0.999818981 -0.010838083 -0.015636969 22.788061142
-0.018864077 0.058754593 -0.998094141 -13.979354858 0.012696391 0.998205423 0.058521174 0.100284100 0.999741435 -0.011568245 -0.019576196 22.763898849
-0.017963938 0.054903634 -0.998329997 -14.771897316 0.020121602 0.998308837 0.054540399 0.135744929 0.999636114 -0.019108241 -0.019038308 22.748125076
-0.013802679 0.053016819 -0.998498201 -15.588762283 0.032167897 0.998099983 0.052550994 0.179174542 0.999387145 -0.031394243 -0.015481892 22.746738434
-0.007779227 0.053206559 -0.998553157 -16.419446945 0.032342263 0.998074472 0.052929077 0.213781357 0.999446571 -0.031883717 -0.009485064 22.727331161
-0.003216093 0.051992476 -0.998642266 -17.284339905 0.030496048 0.998188078 0.051870614 0.243619382 0.999529719 -0.030287819 -0.004795830 22.717742920
-0.000298734 0.045615446 -0.998959124 -18.162380219 0.034367673 0.998369396 0.045578249 0.279400110 0.999409199 -0.034318283 -0.001865943 22.721754074
0.001800778 0.034990795 -0.999386013 -19.054220200 0.032006398 0.998873591 0.035030533 0.313410044 0.999485970 -0.032049831 0.000678820 22.715351105
0.002537280 0.026955221 -0.999633431 -19.962099075 0.024220023 0.999341726 0.027008839 0.336530924 0.999703407 -0.024279675 0.001882753 22.691165924
0.000974469 0.024042761 -0.999710441 -20.889646530 0.018782550 0.999534130 0.024056830 0.363060981 0.999823034 -0.018800557 0.000522431 22.679161072
-0.002597945 0.030449286 -0.999532938 -21.842195511 0.009450438 0.999492526 0.030423490 0.378543556 0.999951899 -0.009366988 -0.002884385 22.648706436
-0.007414008 0.038721174 -0.999222636 -22.819725037 0.005078673 0.999238551 0.038684111 0.394754589 0.999959588 -0.004787921 -0.007605015 22.615100861
-0.012078679 0.047780223 -0.998784840 -23.843416214 0.003006858 0.998854935 0.047747213 0.435176075 0.999922514 -0.002426481 -0.012208517 22.593883514
-0.013824303 0.057593118 -0.998244464 -24.874025345 0.001851336 0.998339593 0.057572965 0.476878703 0.999902666 -0.001052180 -0.013907975 22.567642212
-0.014833904 0.065354019 -0.997751892 -25.918998718 0.003880800 0.997857928 0.065303273 0.519247890 0.999882460 -0.002903373 -0.015055757 22.544345856
-0.015848015 0.065951914 -0.997696877 -26.935894012 0.004831092 0.997815669 0.065883018 0.570236802 0.999862731 -0.003775851 -0.016132014 22.511535645
-0.017948251 0.063202336 -0.997839272 -27.975503922 0.003676982 0.997997463 0.063146234 0.622617602 0.999832153 -0.002535673 -0.018144704 22.484685898
-0.020279359 0.058661141 -0.998071909 -29.009950638 0.003609173 0.998275042 0.058599748 0.662274003 0.999787807 -0.002413849 -0.020456096 22.442050934
-0.024706747 0.053355407 -0.998269856 -30.052124023 0.003276402 0.998573661 0.053290557 0.709576488 0.999689400 -0.001954097 -0.024846319 22.401700974
-0.030380135 0.048904739 -0.998341322 -31.097116470 0.003355034 0.998801649 0.048825197 0.746552229 0.999532759 -0.001866153 -0.030507810 22.357755661
-0.036489092 0.047161989 -0.998220563 -32.148998260 0.002811311 0.998886585 0.047090698 0.784811080 0.999330103 -0.001088012 -0.036581054 22.292018890
-0.043649841 0.049620435 -0.997813761 -33.244026184 0.003512007 0.998767257 0.049514201 0.824111819 0.999040723 -0.001343042 -0.043770298 22.243227005
-0.050047517 0.054201294 -0.997274995 -34.330295563 0.002084530 0.998529732 0.054164886 0.866147637 0.998744726 0.000631968 -0.050086915 22.173154831
-0.055706944 0.057318505 -0.996800542 -35.419868469 -0.000682827 0.998348534 0.057445664 0.908548474 0.998446941 0.003880766 -0.055575810 22.090084076
-0.060220711 0.059200309 -0.996428013 -36.510566711 -0.004206854 0.998215854 0.059560776 0.959091663 0.998176277 0.007778619 -0.059864227 22.004661560
-0.062705301 0.060717810 -0.996183455 -37.611648560 -0.008488990 0.998079121 0.061367702 1.003355265 0.997995913 0.012304671 -0.062069427 21.911104202
-0.064628109 0.061715990 -0.995999157 -38.697288513 -0.013116010 0.997946918 0.062687755 1.067555428 0.997823238 0.017114924 -0.063685961 21.828430176
-0.065880902 0.061381459 -0.995937765 -39.789943695 -0.013703467 0.997956395 0.062412344 1.115726352 0.997733414 0.017759582 -0.064905122 21.735286713
-0.067032002 0.060644541 -0.995906115 -40.891326904 -0.014767813 0.997981429 0.061764900 1.161734462 0.997641504 0.018847583 -0.066001110 21.639255524
-0.068535075 0.059879150 -0.995850027 -42.002887726 -0.015585099 0.998011112 0.061081666 1.213901758 0.997526944 0.019706661 -0.067465536 21.553646088
-0.069011800 0.059044778 -0.995867014 -43.095848083 -0.018214464 0.998005986 0.060433827 1.263663530 0.997449577 0.022309830 -0.067798711 21.456909180
-0.069770947 0.056680094 -0.995951533 -44.204292297 -0.022469472 0.998041928 0.058373153 1.312543154 0.997309864 0.026451254 -0.068360746 21.354053497
-0.070064031 0.051970143 -0.996187747 -45.319164276 -0.027841056 0.998151004 0.054030687 1.353075266 0.997153878 0.031520523 -0.068487577 21.261940002
-0.069327116 0.051020343 -0.996288419 -46.447803497 -0.029596057 0.998146474 0.053174961 1.407058477 0.997154891 0.033172674 -0.067688614 21.166679382
-0.067963533 0.055477455 -0.996144176 -47.571002960 -0.029954538 0.997889221 0.057618342 1.444934011 0.997237980 0.033754978 -0.066158265 21.081192017
-0.065887183 0.058769725 -0.996094823 -48.698585510 -0.029932773 0.997698426 0.060844250 1.487703681 0.997378051 0.033824734 -0.063976377 20.991168976
-0.064577036 0.058204334 -0.996213853 -49.826801300 -0.028166234 0.997793555 0.060122438 1.543689489 0.997515142 0.031942122 -0.062795155 20.908815384
-0.062289316 0.057512667 -0.996399701 -50.946975708 -0.027478702 0.997861028 0.059314832 1.590790987 0.997679830 0.031074449 -0.060575701 20.828025818
-0.058403306 0.057639357 -0.996627688 -52.103546143 -0.032194454 0.997703731 0.059588220 1.651013970 0.997773767 0.035566039 -0.056413531 20.743721008
-0.052375957 0.058534048 -0.996910453 -53.245178223 -0.037488196 0.997461736 0.060535982 1.703393936 0.997923553 0.040543012 -0.050048679 20.655250549
-0.046632111 0.058097146 -0.997221231 -54.392738342 -0.041483637 0.997333407 0.060043540 1.756438136 0.998050392 0.044168320 -0.044097681 20.583154678
-0.040802561 0.057856973 -0.997490704 -55.524288177 -0.043082394 0.997291744 0.059607726 1.799322367 0.998237967 0.045406438 -0.038199440 20.508317947
-0.035400581 0.056435790 -0.997778356 -56.683547974 -0.042276394 0.997425914 0.057915796 1.858167648 0.998478591 0.044232726 -0.032923549 20.466669083
-0.030333843 0.056256991 -0.997955382 -57.836921692 -0.040818892 0.997512221 0.057472739 1.901409745 0.998705924 0.042478811 -0.027962033 20.421451569
-0.024485668 0.056510668 -0.998101711 -59.007446289 -0.039766107 0.997555673 0.057455320 1.965594769 0.998908937 0.041097447 -0.022178605 20.374877930
-0.018964145 0.058110259 -0.998130023 -60.163795471 -0.038874839 0.997511804 0.058812883 2.013124228 0.999064028 0.039917476 -0.016657930 20.341535568
-0.013801253 0.059188943 -0.998151362 -61.334095001 -0.039612882 0.997430503 0.059693910 2.063675165 0.999119759 0.040363502 -0.011421144 20.315380096
-0.008615949 0.058472112 -0.998251855 -62.498619080 -0.039202619 0.997501791 0.058766533 2.109316349 0.999194086 0.039640415 -0.006302167 20.291204453
-0.003666526 0.054334834 -0.998515964 -63.681304932 -0.039133672 0.997750044 0.054436848 2.151576519 0.999227285 0.039275192 -0.001531955 20.273212433
0.000699674 0.049173739 -0.998790026 -64.853538513 -0.039002649 0.998031616 0.049109079 2.194539309 0.999238908 0.038921092 0.002616204 20.265449524
0.004511052 0.049104586 -0.998783410 -66.043815613 -0.038417097 0.998064756 0.048895728 2.226487398 0.999251604 0.038149785 0.006388776 20.251764297
0.008068923 0.051589005 -0.998635769 -67.233673096 -0.037961345 0.997964203 0.051247586 2.264830589 0.999246597 0.037496045 0.010010883 20.243824005
0.009605936 0.051130626 -0.998645723 -68.413139343 -0.037805852 0.997996330 0.050733723 2.304968834 0.999238908 0.037267312 0.011519727 20.247800827
0.010342189 0.050784487 -0.998656154 -69.603340149 -0.039548602 0.997948885 0.050338946 2.350871086 0.999164104 0.038974836 0.012329431 20.247791290
0.010727014 0.051798701 -0.998599887 -70.777503967 -0.040701002 0.997852385 0.051322710 2.389461994 0.999113798 0.040093482 0.012812236 20.257091522
0.012365964 0.051451966 -0.998598933 -71.981117249 -0.041333221 0.997847915 0.050901446 2.429221630 0.999068856 0.040645864 0.014466030 20.247613907
0.013209311 0.049223348 -0.998700500 -73.172317505 -0.041663986 0.997947216 0.048635166 2.471554756 0.999044359 0.040967397 0.015233037 20.251840591
0.013621864 0.047633976 -0.998771966 -74.364395142 -0.039439701 0.998112917 0.047064643 2.512470722 0.999129057 0.038750160 0.015474828 20.261417389
0.014405839 0.047882881 -0.998749077 -75.589912415 -0.036855090 0.998199403 0.047324944 2.543145657 0.999216795 0.036127232 0.016144628 20.263769150
0.014699212 0.048253402 -0.998726964 -76.796569824 -0.034952845 0.998249114 0.047715887 2.585528851 0.999280870 0.034206957 0.016360069 20.269500732
0.014551168 0.051375728 -0.998573363 -78.009712219 -0.034318566 0.998116374 0.050852131 2.615949631 0.999305010 0.033529650 0.016286900 20.280389786
0.015265945 0.055039082 -0.998367488 -79.206443787 -0.036550697 0.997847199 0.054451507 2.655878067 0.999215245 0.035659775 0.017244799 20.274169922
0.015456069 0.055290073 -0.998350680 -80.415809631 -0.038574364 0.997759759 0.054660138 2.694036484 0.999136150 0.037665918 0.017554222 20.287900925
0.016022895 0.053220209 -0.998454273 -81.603424072 -0.039678358 0.997829616 0.052550178 2.736252785 0.999083996 0.038775016 0.018099809 20.286230087
0.015913244 0.050614528 -0.998591483 -82.815101624 -0.039752822 0.997960329 0.049949050 2.780601501 0.999082804 0.038901981 0.017892858 20.294260025
0.016062025 0.049843814 -0.998627901 -84.016754150 -0.037599143 0.998080432 0.049211748 2.820978403 0.999163806 0.036757112 0.017905282 20.302845001
0.015951741 0.051534686 -0.998543799 -85.225990295 -0.036071360 0.998050451 0.050932992 2.852231026 0.999221921 0.035206363 0.017779570 20.311586380
0.016014248 0.054403901 -0.998390555 -86.425827026 -0.035272442 0.997927785 0.053812925 2.889690876 0.999249458 0.034353893 0.017900024 20.319030762
0.016052138 0.056707323 -0.998261750 -87.616729736 -0.035793904 0.997783065 0.056104567 2.930233479 0.999230266 0.034831092 0.018046331 20.333158493
0.017063765 0.056995332 -0.998228550 -88.819129944 -0.038320109 0.997677743 0.056308836 2.967595577 0.999119818 0.037291382 0.019208198 20.321453094
0.017340761 0.054797720 -0.998346806 -90.007698059 -0.037961200 0.997813225 0.054109056 3.011197567 0.999128759 0.036960158 0.019383024 20.330520630
0.017673638 0.053500455 -0.998411357 -91.194801331 -0.036691509 0.997929454 0.052825119 3.053210735 0.999170363 0.035699610 0.019600054 20.338325500
0.017686572 0.054785315 -0.998341560 -92.377967834 -0.035152189 0.997914433 0.054139119 3.089212418 0.999225497 0.034136359 0.019575510 20.346389771
0.018113587 0.057302210 -0.998192489 -93.573448181 -0.032401372 0.997865558 0.056695476 3.138702869 0.999310791 0.031315848 0.019931598 20.356592178
0.018005285 0.059573237 -0.998061538 -94.764358521 -0.031072533 0.997774541 0.058995549 3.184647560 0.999354959 0.029950077 0.019816307 20.368846893
0.018681860 0.061530910 -0.997930288 -95.953697205 -0.032251239 0.997622192 0.060908142 3.232427120 0.999305189 0.031046616 0.020621886 20.370248795
0.019178260 0.063422650 -0.997802496 -97.110778809 -0.034588352 0.997430742 0.062734216 3.275150537 0.999217629 0.033309218 0.021322668 20.376934052
0.019141121 0.062846340 -0.997839689 -98.292381287 -0.036438815 0.997403264 0.062119868 3.322052956 0.999152541 0.035171051 0.021381464 20.385461807
0.019303301 0.058758777 -0.998085558 -99.461532593 -0.039044578 0.997554421 0.057972368 3.370289803 0.999050915 0.037850779 0.021550305 20.383388519
0.019696821 0.056970671 -0.998181522 -100.640502930 -0.039808877 0.997628212 0.056153562 3.415880442 0.999013186 0.038630433 0.021918038 20.400001526
0.020079393 0.055394385 -0.998262644 -101.824378967 -0.039958857 0.997710586 0.054560013 3.462578773 0.998999536 0.038793895 0.022246921 20.406345367
0.020028459 0.055683687 -0.998247504 -103.008468628 -0.038738284 0.997741282 0.054878216 3.506633520 0.999048650 0.037571266 0.022140311 20.422840118
0.019868584 0.057770539 -0.998132229 -104.182456970 -0.038920764 0.997617185 0.056965984 3.550584555 0.999044776 0.037716232 0.022069713 20.433650970
0.019862361 0.060281526 -0.997983754 -105.357017517 -0.037798628 0.997512281 0.059500776 3.585186243 0.999087930 0.036540587 0.022091513 20.448383331
0.019131571 0.060188185 -0.998003721 -106.537933350 -0.041332792 0.997380674 0.059358269 3.624024630 0.998962224 0.040114660 0.021569204 20.456226349
0.019176504 0.060522705 -0.997982621 -107.730651855 -0.044742409 0.997218072 0.059616610 3.686598539 0.998814464 0.043508902 0.021831086 20.459331512
0.019056298 0.059629098 -0.998038709 -108.929473877 -0.048179746 0.997115016 0.058653980 3.740197897 0.998656869 0.046967521 0.021874234 20.458974838
0.018820100 0.055912580 -0.998258233 -110.110427856 -0.049644433 0.997255802 0.054920487 3.787863493 0.998589635 0.048524357 0.021544201 20.464895248
0.017901994 0.052081026 -0.998482406 -111.307601929 -0.049279839 0.997474670 0.051144909 3.834788084 0.998624623 0.048289452 0.020423330 20.474676132
0.017681167 0.050966691 -0.998543799 -112.537269592 -0.046024363 0.997682750 0.050107796 3.883226871 0.998783767 0.045071378 0.019985909 20.474288940
0.017213531 0.050335269 -0.998584032 -113.760513306 -0.041680016 0.997900009 0.049582314 3.925353289 0.998982668 0.040767509 0.019275358 20.492900848
0.016829144 0.051854130 -0.998512864 -115.014503479 -0.040864460 0.997855544 0.051131256 3.975669146 0.999022961 0.039943192 0.018912047 20.499532700
0.015901349 0.055911295 -0.998309076 -116.244262695 -0.039827954 0.997678339 0.055241577 4.018223286 0.999080002 0.038882192 0.018091267 20.506818771
0.015570872 0.055927556 -0.998313427 -117.508445740 -0.038084745 0.997743011 0.055301603 4.064203262 0.999153197 0.037159413 0.017665714 20.512466431
0.014579961 0.051505946 -0.998566270 -118.747497559 -0.037848305 0.997985065 0.050923355 4.112801552 0.999177098 0.037051577 0.016500000 20.520921707
0.014239958 0.048095480 -0.998741210 -120.031608582 -0.038000014 0.998146951 0.047525063 4.152560234 0.999176264 0.037275426 0.016041201 20.519138336
0.014056053 0.046901044 -0.998800635 -121.300621033 -0.037318628 0.998227894 0.046348967 4.189626217 0.999204576 0.036622390 0.015781425 20.517253876
0.013207008 0.047862735 -0.998766601 -122.560546875 -0.039321646 0.998105943 0.047311112 4.235131741 0.999139369 0.038648311 0.015064033 20.518098831
0.013020215 0.052661359 -0.998527467 -123.848793030 -0.044009063 0.997674704 0.052042529 4.278772354 0.998946309 0.043266661 0.015307512 20.516386032
0.013139947 0.055935971 -0.998347998 -125.132614136 -0.049469937 0.997247756 0.055223238 4.325097084 0.998689175 0.048662584 0.015870934 20.501729965
0.013003821 0.055794332 -0.998357594 -126.413703918 -0.056729194 0.996874988 0.054972559 4.377572536 0.998304963 0.055921163 0.016128352 20.491331100
0.013374696 0.053817376 -0.998461187 -127.693145752 -0.060137935 0.996786177 0.052921515 4.426109314 0.998100460 0.059337601 0.016568176 20.482419968
0.012624220 0.052593142 -0.998536229 -128.974319458 -0.062340938 0.996714354 0.051709030 4.473217964 0.997975051 0.061596893 0.015861448 20.483678818
0.012488465 0.052218627 -0.998557568 -130.254699707 -0.062444583 0.996726930 0.051341940 4.507707596 0.997970283 0.061713330 0.015708361 20.477674484
0.011947085 0.051354151 -0.998609006 -131.537536621 -0.059647951 0.996938467 0.050554629 4.548492432 0.998147964 0.058961004 0.014973679 20.483518600
0.011697613 0.051976807 -0.998579741 -132.814483643 -0.060300075 0.996867299 0.051181298 4.589607716 0.998111725 0.059615728 0.014795172 20.484176636
0.011199677 0.057114072 -0.998304844 -134.105957031 -0.060365010 0.996585250 0.056338478 4.633708954 0.998113453 0.059631713 0.014609126 20.480030060
0.010460134 0.060907539 -0.998088598 -135.400192261 -0.058982730 0.996442974 0.060188960 4.683722973 0.998204172 0.058240406 0.014015418 20.483091354
0.010322209 0.059917804 -0.998150051 -136.676116943 -0.059702720 0.996459305 0.059198909 4.733979225 0.998162806 0.058981203 0.013862917 20.480957031
0.011267005 0.058255825 -0.998238087 -137.956497192 -0.059292283 0.996583819 0.057490058 4.787255764 0.998177052 0.058540083 0.014682637 20.479492188
0.012446273 0.057598155 -0.998262227 -139.224868774 -0.058314428 0.996682227 0.056779932 4.839092255 0.998220682 0.057506397 0.015763784 20.478668213
0.013076214 0.056929801 -0.998292685 -140.500244141 -0.058421530 0.996715903 0.056074657 4.882704258 0.998206317 0.057588529 0.016359203 20.488758087
0.013898947 0.059052840 -0.998158157 -141.769073486 -0.058457326 0.996595085 0.058146380 4.931962013 0.998193145 0.057541482 0.017303694 20.492279053
0.014861865 0.062755689 -0.997918248 -143.063201904 -0.059551045 0.996312320 0.061767820 4.982194901 0.998114586 0.058509097 0.018544232 20.496349335
0.016144600 0.063621178 -0.997843504 -144.344039917 -0.061143424 0.996168673 0.062525123 5.040112972 0.997998416 0.060002122 0.019972762 20.499126434
0.017555416 0.061021343 -0.997982085 -145.616531372 -0.063195385 0.996207893 0.059801195 5.089617729 0.997846782 0.062018022 0.021345114 20.497716904
0.016785407 0.058278102 -0.998159289 -146.878936768 -0.061546672 0.996467054 0.057144314 5.138729572 0.997963071 0.060474187 0.020312931 20.516458511
0.017566632 0.056579757 -0.998243511 -148.142211914 -0.059267391 0.996701062 0.055449352 5.183349609 0.998087585 0.058189224 0.020862011 20.524118423
0.017694252 0.055835024 -0.998283148 -149.391815186 -0.057862189 0.996823370 0.054727789 5.228879929 0.998167753 0.056794476 0.020868780 20.529064178
0.017183930 0.056499135 -0.998254895 -150.661010742 -0.055465780 0.996918559 0.055468731 5.269596577 0.998312712 0.054415811 0.020264756 20.547254562
0.016894775 0.055139039 -0.998335838 -151.912612915 -0.053993959 0.997071624 0.054155488 5.315997124 0.998398304 0.052989159 0.019822478 20.558061600
0.017195016 0.054919410 -0.998342693 -153.174880981 -0.052489895 0.997163057 0.053950459 5.364090919 0.998473406 0.051475216 0.020028945 20.566343307
0.016761471 0.057478208 -0.998205960 -154.439056396 -0.050430171 0.997124255 0.056569103 5.413371086 0.998586893 0.049391519 0.019611906 20.579744339
0.016897921 0.059027661 -0.998113334 -155.699707031 -0.047822069 0.997161031 0.058161724 5.456655502 0.998712897 0.046749022 0.019672774 20.588321686
0.016882872 0.057821788 -0.998184144 -156.948562622 -0.046016615 0.997313559 0.056993049 5.502156258 0.998797953 0.044970855 0.019498277 20.594102859
0.016007425 0.057771917 -0.998201489 -158.187240601 -0.046950292 0.997271597 0.056965198 5.555469513 0.998768985 0.045953982 0.018676158 20.606624603
0.015968677 0.062226586 -0.997934341 -159.440322876 -0.047535259 0.996980250 0.061406448 5.608928204 0.998741984 0.046456482 0.018878413 20.615236282
0.016463278 0.069042414 -0.997477829 -160.698989868 -0.052581895 0.996292412 0.068092495 5.660142422 0.998480916 0.051328253 0.020032618 20.617197037
0.017699508 0.069033638 -0.997457445 -161.918716431 -0.057020947 0.996059656 0.067925096 5.721665382 0.998216093 0.055673730 0.021566130 20.617160797
0.019398926 0.065106414 -0.997689843 -163.178695679 -0.061003074 0.996095300 0.063816234 5.782721519 0.997949064 0.059624176 0.023294875 20.608463287
0.021034293 0.059886906 -0.997983515 -164.421035767 -0.062548406 0.996327758 0.058469221 5.832335472 0.997820258 0.061192427 0.024702881 20.614620209
0.021587899 0.058316894 -0.998064697 -165.661712646 -0.064925782 0.996271729 0.056807805 5.884308815 0.997656643 0.063573770 0.025293682 20.625965118
0.023025969 0.055393588 -0.998199046 -166.881576538 -0.060146805 0.996731877 0.053924724 5.920849323 0.997923851 0.058796812 0.026282461 20.645111084
0.023356272 0.050682440 -0.998441696 -168.115036011 -0.056846786 0.997165561 0.049287863 5.970550537 0.998109579 0.055607017 0.026171204 20.661348343
0.023162108 0.047367953 -0.998608828 -169.359130859 -0.050804693 0.997642040 0.046143707 6.006720066 0.998439968 0.049665235 0.025514005 20.681571960
0.022069266 0.050215714 -0.998494506 -170.609146118 -0.048809677 0.997600913 0.049091958 6.048460960 0.998564243 0.047652774 0.024467334 20.700080872
0.022702470 0.056600537 -0.998138785 -171.848678589 -0.048960842 0.997261047 0.055437159 6.086362839 0.998542666 0.047611162 0.025411498 20.716396332
0.023903964 0.060111072 -0.997905433 -173.084609985 -0.050640099 0.996982038 0.058842402 6.129053593 0.998430848 0.049127463 0.026875854 20.729743958
0.026204409 0.056661889 -0.998049438 -174.330627441 -0.051481977 0.997143984 0.055258777 6.180627823 0.998330116 0.049933542 0.029046632 20.737527847
0.026699776 0.056731466 -0.998032391 -175.565612793 -0.053624317 0.997032106 0.055240016 6.225392342 0.998204172 0.052043900 0.029662719 20.761383057
0.027149115 0.057954196 -0.997950077 -176.808334351 -0.052325256 0.997031868 0.056477368 6.270574570 0.998260975 0.050684676 0.030101003 20.785327911
0.028091460 0.055789016 -0.998047411 -178.036727905 -0.051821839 0.997179985 0.054281943 6.315145493 0.998261154 0.050195787 0.030903336 20.808668137
0.029856246 0.054577187 -0.998063087 -179.240875244 -0.051857822 0.997248054 0.052981343 6.353854179 0.998208046 0.050175555 0.032604337 20.829303741
0.031530287 0.056187160 -0.997922182 -180.425003052 -0.053424440 0.997086287 0.054452077 6.396301746 0.998073995 0.051596548 0.034440178 20.849016190
0.032733086 0.058162075 -0.997770369 -181.578689575 -0.053450402 0.996978700 0.056362409 6.427102566 0.998033881 0.051486321 0.035742968 20.872245789
0.033391140 0.059984494 -0.997640669 -182.689666748 -0.054559588 0.996818244 0.058108926 6.455091953 0.997952044 0.052490532 0.036557633 20.896032333
0.033558987 0.060910340 -0.997578919 -183.781951904 -0.054909512 0.996745944 0.059012294 6.491977215 0.997927248 0.052796174 0.036794342 20.919342041
0.033224896 0.061972674 -0.997524679 -184.860351562 -0.054139458 0.996721923 0.060119566 6.524663925 0.997980416 0.052007981 0.036471151 20.948921204
0.033705652 0.060885020 -0.997575521 -185.894729614 -0.054314788 0.996779203 0.059001252 6.559659481 0.997954905 0.052194424 0.036904048 20.966531754
0.035132058 0.061332144 -0.997498930 -186.899581909 -0.055191819 0.996710896 0.059339818 6.586205482 0.997857511 0.052969057 0.038401544 20.994518280
0.036335215 0.062151924 -0.997405112 -187.873184204 -0.055868451 0.996629536 0.060068328 6.620167255 0.997776747 0.053540874 0.039685085 21.023010254
0.036000516 0.060488027 -0.997519493 -188.836318970 -0.054508325 0.996799529 0.058477167 6.652430534 0.997864068 0.052267913 0.039182410 21.040832520
0.032903999 0.057498284 -0.997803211 -189.785888672 -0.052165657 0.997081816 0.055736478 6.681401730 0.998096168 0.050217118 0.035807420 21.062324524
0.027906168 0.054018822 -0.998149812 -190.725799561 -0.051951975 0.997267663 0.052518606 6.709786892 0.998259604 0.050390266 0.030636301 21.084136963
0.022800609 0.050995734 -0.998438537 -191.671356201 -0.053414270 0.997333884 0.049719531 6.743739128 0.998312056 0.052197225 0.025463723 21.091373444
0.019054266 0.050341841 -0.998550296 -192.625900269 -0.055476781 0.997246206 0.049217489 6.772847176 0.998278141 0.054458544 0.021794597 21.101312637
0.016495869 0.051168706 -0.998553753 -193.560989380 -0.057319138 0.997095644 0.050147094 6.800201893 0.998219609 0.056409024 0.019380908 21.093578339
0.014502473 0.052754130 -0.998502195 -194.501235962 -0.056316234 0.997065246 0.051860254 6.832611084 0.998307705 0.055479784 0.017430823 21.098655701
0.013324011 0.054222681 -0.998439968 -195.431594849 -0.053526927 0.997135580 0.053437535 6.861869812 0.998477459 0.052731425 0.016188221 21.099916458
0.011601545 0.054895356 -0.998424768 -196.343826294 -0.051442962 0.997202396 0.054230399 6.881142616 0.998608589 0.050732762 0.014393069 21.108343124
0.010754108 0.053799674 -0.998493850 -197.280303955 -0.052214827 0.997219443 0.053168651 6.915569305 0.998577952 0.051564403 0.013533349 21.106605530
0.009815007 0.052471396 -0.998574197 -198.202285767 -0.053734258 0.997207105 0.051871400 6.949535847 0.998506963 0.053148527 0.012607107 21.104850769
0.009543220 0.051591206 -0.998622656 -199.117828369 -0.057418287 0.997048795 0.050961178 6.982402802 0.998304546 0.056852877 0.012477335 21.104377747
0.010514305 0.050233241 -0.998682141 -200.034164429 -0.060220581 0.996956408 0.049512424 7.006387234 0.998129666 0.059620634 0.013507377 21.094556808
0.011889821 0.048171710 -0.998768330 -200.966857910 -0.059826285 0.997083783 0.047378272 7.029671192 0.998138011 0.059189275 0.014737080 21.091033936
0.012500623 0.045531072 -0.998884797 -201.893905640 -0.059784532 0.997209728 0.044706542 7.058834553 0.998133063 0.059158999 0.015187794 21.088975906
0.013042483 0.045410968 -0.998883247 -202.832580566 -0.059993941 0.997204006 0.044551276 7.084437370 0.998113513 0.059345882 0.015730400 21.090108871
0.013993349 0.048085053 -0.998745263 -203.767761230 -0.057240330 0.997243524 0.047210760 7.109602928 0.998262346 0.056507867 0.016707182 21.089389801
0.013359173 0.049012728 -0.998708785 -204.730285645 -0.056865662 0.997218668 0.048178937 7.143266201 0.998292565 0.056148600 0.016109155 21.108390808
0.014173890 0.045444954 -0.998866320 -205.685470581 -0.051925585 0.997652173 0.044652894 7.168928623 0.998550355 0.051233817 0.016500369 21.116271973
0.014458847 0.042384371 -0.998996675 -206.644927979 -0.050345942 0.997864723 0.041607663 7.196377754 0.998627245 0.049693830 0.016561855 21.121320724
0.014892889 0.042464849 -0.998986959 -207.612686157 -0.054828331 0.997629285 0.041589752 7.232417107 0.998384774 0.054153401 0.017185859 21.118278503
0.016779236 0.046613511 -0.998772085 -208.597915649 -0.056264080 0.997373939 0.045603026 7.257676601 0.998274863 0.055429813 0.019357840 21.115640640
0.018622037 0.046111137 -0.998762786 -209.577407837 -0.054212142 0.997512996 0.045042641 7.287599564 0.998355746 0.053306293 0.021075504 21.126335144
0.020766160 0.046954557 -0.998681247 -210.564376831 -0.052593939 0.997564912 0.045808446 7.327772141 0.998400033 0.051573317 0.023185115 21.139308929
0.022373702 0.051353645 -0.998429894 -211.563613892 -0.053668257 0.997301579 0.050092965 7.364311218 0.998308122 0.052463233 0.025069391 21.150133133
0.024025958 0.055640209 -0.998161793 -212.580734253 -0.051121406 0.997212112 0.054356772 7.395708084 0.998403430 0.049721457 0.026803374 21.164821625
0.025704503 0.055888146 -0.998106182 -213.587661743 -0.050698522 0.997224092 0.054533102 7.438541889 0.998383224 0.049200751 0.028466592 21.175630569
0.027078427 0.056281038 -0.998047709 -214.619232178 -0.053968806 0.997039974 0.054759968 7.484658241 0.998175442 0.052380621 0.030035699 21.196830750
0.030459678 0.058807656 -0.997804523 -215.642944336 -0.056292836 0.996784210 0.057029083 7.519268036 0.997949541 0.054432157 0.033672176 21.209859848
0.033571217 0.058985297 -0.997694254 -216.684722900 -0.057469908 0.996719122 0.056993850 7.563463211 0.997782648 0.055424038 0.036850955 21.239828110
0.036486048 0.056495540 -0.997735918 -217.730484009 -0.060818374 0.996675611 0.054211434 7.606570244 0.997481763 0.058702718 0.039800726 21.260372162
0.039373685 0.053685654 -0.997781336 -218.760375977 -0.059959773 0.996883214 0.051271245 7.638532639 0.997423947 0.057808008 0.042469941 21.297433853
