1.000000000 0.000000000 0.000000000 0.000000000 0.000000000 1.000000000 0.000000000 0.000000000 0.000000000 0.000000000 1.000000000 0.000000000
1.000000000 -0.000091686 0.000213073 -0.026288362 0.000091375 0.999998927 0.001456474 -0.016898619 -0.000213207 -0.001456454 0.999998927 1.337373257
0.999999285 -0.001213548 0.000096162 -0.051992528 0.001213395 0.999998033 0.001575448 -0.039432276 -0.000098073 -0.001575330 0.999998748 2.656340122
0.999996424 -0.002662888 -0.000047551 -0.064040266 0.002662922 0.999996185 0.000728478 -0.062675230 0.000045611 -0.000728602 0.999999762 3.986782312
0.999994934 -0.003170279 -0.000248008 -0.073496677 0.003170503 0.999994576 0.000909063 -0.086833999 0.000245125 -0.000909845 0.999999583 5.324512482
0.999993742 -0.003540709 -0.000081150 -0.089069374 0.003540847 0.999992132 0.001767853 -0.113338783 0.000074890 -0.001768129 0.999998450 6.681282043
0.999988198 -0.004857451 0.000256271 -0.108157046 0.004856716 0.999984443 0.002796083 -0.132875875 -0.000269849 -0.002794805 0.999996066 8.011322975
0.999989867 -0.004500478 0.000030714 -0.121756196 0.004500345 0.999983847 0.003461189 -0.159235284 -0.000046290 -0.003461016 0.999993980 9.377964973
0.999992609 -0.003829937 -0.000320661 -0.133823082 0.003830447 0.999991417 0.001604422 -0.180703506 0.000314513 -0.001605639 0.999998629 10.757259369
0.999999404 -0.001014859 -0.000437276 -0.159038678 0.001014633 0.999999285 -0.000515358 -0.206392869 0.000437799 0.000514914 0.999999762 12.098104477
0.999996901 0.002479335 -0.000134102 -0.178890333 -0.002479504 0.999996066 -0.001279376 -0.234558269 0.000130930 0.001279704 0.999999166 13.468614578
0.999987841 0.004933531 -0.000008009 -0.214390129 -0.004933537 0.999986887 -0.001365080 -0.261771351 0.000001274 0.001365102 0.999999046 14.817777634
0.999980509 0.006253913 0.000025475 -0.228579104 -0.006253897 0.999980330 -0.000593345 -0.285056293 -0.000029186 0.000593174 0.999999821 16.192045212
0.999993622 0.003524750 0.000607963 -0.247195765 -0.003526092 0.999991238 0.002222006 -0.314837843 -0.000600125 -0.002224135 0.999997318 17.569578171
0.999999583 -0.000514091 0.000805034 -0.262006640 0.000510922 0.999992073 0.003931045 -0.336591959 -0.000807049 -0.003930632 0.999991953 18.935628891
0.999995649 -0.002922845 0.000431470 -0.275927216 0.002922033 0.999993980 0.001869524 -0.358209312 -0.000436931 -0.001868256 0.999998152 20.305923462
0.999990940 -0.004233558 0.000503939 -0.296962112 0.004233502 0.999991059 0.000112421 -0.381793261 -0.000504410 -0.000110287 0.999999940 21.676988602
0.999998331 -0.001535770 0.001000367 -0.307454020 0.001537366 0.999997497 -0.001596465 -0.409865916 -0.000997912 0.001598001 0.999998212 23.064317703
0.999998450 0.000887256 0.001517461 -0.325165033 -0.000887840 0.999999583 0.000384216 -0.433228910 -0.001517120 -0.000385563 0.999998748 24.454204559
0.999997675 0.001389948 0.001674369 -0.339670449 -0.001396612 0.999991119 0.003985532 -0.458312452 -0.001668815 -0.003987860 0.999990642 25.842895508
0.999994218 -0.001035966 0.003214563 -0.374765426 0.001016545 0.999981284 0.006037546 -0.477651358 -0.003220757 -0.006034244 0.999976575 27.234415054
0.999985456 -0.004623664 0.002760405 -0.383360863 0.004612604 0.999981403 0.004000057 -0.491641223 -0.002778848 -0.003987267 0.999988198 28.628400803
0.999983966 -0.004879245 0.002882110 -0.401684105 0.004873862 0.999986351 0.001872339 -0.515983343 -0.002891206 -0.001858262 0.999994099 30.021051407
0.999979734 -0.005051746 0.003884478 -0.419261396 0.005053775 0.999987066 -0.000512463 -0.539089382 -0.003881840 0.000532084 0.999992311 31.429874420
0.999989331 -0.001808434 0.004229685 -0.430383742 0.001814589 0.999997318 -0.001451845 -0.567322075 -0.004227048 0.001459504 0.999989986 32.836227417
0.999988616 -0.000858628 0.004700103 -0.449143827 0.000875739 0.999992967 -0.003639774 -0.594588161 -0.004696945 0.003643848 0.999982357 34.233470917
0.999988794 -0.000016906 0.004736180 -0.461169720 0.000031062 0.999995530 -0.002988945 -0.621717751 -0.004736109 0.002989059 0.999984324 35.642684937
0.999988079 0.000391575 0.004855448 -0.481897116 -0.000382373 0.999998152 -0.001896088 -0.650032997 -0.004856182 0.001894208 0.999986410 37.041683197
0.999988437 0.001357611 0.004614405 -0.498823941 -0.001356725 0.999999166 -0.000195115 -0.679055452 -0.004614665 0.000188852 0.999989271 38.455646515
0.999981701 0.003943844 0.004581764 -0.520340741 -0.003944589 0.999992192 0.000153817 -0.706825674 -0.004581122 -0.000171887 0.999989450 39.862007141
0.999965906 0.006613385 0.004941509 -0.533542573 -0.006611631 0.999978065 -0.000371234 -0.732244253 -0.004943855 0.000338550 0.999987721 41.313228607
0.999948204 0.008889337 0.004942560 -0.552375495 -0.008889941 0.999960423 0.000100726 -0.755813539 -0.004941469 -0.000144660 0.999987781 42.740440369
0.999939740 0.009921720 0.004692458 -0.566344738 -0.009922473 0.999950707 0.000137261 -0.780381620 -0.004690865 -0.000183814 0.999988973 44.163208008
0.999950111 0.008910789 0.004512856 -0.588772595 -0.008911791 0.999960244 0.000201900 -0.810933411 -0.004510878 -0.000242107 0.999989808 45.592212677
0.999961019 0.008022618 0.003680382 -0.601780415 -0.008021777 0.999967813 -0.000243887 -0.835110605 -0.003682220 0.000214354 0.999993145 47.013843536
0.999969125 0.007301963 0.002873604 -0.617807388 -0.007301985 0.999973357 -0.000002509 -0.860776663 -0.002873546 -0.000018474 0.999995887 48.442817688
0.999966264 0.007911780 0.002179079 -0.631727219 -0.007913540 0.999968350 0.000800373 -0.882923424 -0.002172678 -0.000817590 0.999997377 49.891971588
0.999962151 0.008653664 0.001001710 -0.649581730 -0.008654567 0.999962151 0.000900380 -0.914682448 -0.000993881 -0.000909015 0.999999106 51.336193085
0.999953985 0.009569205 0.000550010 -0.675207257 -0.009569638 0.999953926 0.000791733 -0.931641161 -0.000542408 -0.000796960 0.999999523 52.778846741
0.999953866 0.009527058 -0.001176863 -0.691028357 -0.009524693 0.999952614 0.001998510 -0.960090280 0.001195848 -0.001987209 0.999997318 54.220344543
0.999966800 0.007915400 -0.001936017 -0.710156083 -0.007909335 0.999963820 0.003120798 -0.984274805 0.001960649 -0.003105382 0.999993205 55.681365967
0.999978364 0.006101541 -0.002454954 -0.729201674 -0.006093676 0.999976337 0.003198178 -1.009106398 0.002474410 -0.003183149 0.999991834 57.147548676
0.999989092 0.003711267 -0.002821060 -0.747346997 -0.003702755 0.999988556 0.003017178 -1.037756801 0.002832226 -0.003006699 0.999991477 58.605373383
0.999990582 0.002859276 -0.003271480 -0.763718367 -0.002849284 0.999991298 0.003054962 -1.060511827 0.003280187 -0.003045612 0.999989986 60.052234650
0.999993861 0.002061959 -0.002827765 -0.784061670 -0.002052564 0.999992371 0.003321277 -1.079562187 0.002834592 -0.003315452 0.999990523 61.499496460
0.999997020 0.001280388 -0.002080537 -0.806916833 -0.001271221 0.999989510 0.004401527 -1.107365489 0.002086150 -0.004398869 0.999988079 62.952873230
0.999998868 -0.000138709 -0.001469927 -0.829528391 0.000144992 0.999990821 0.004275566 -1.135960579 0.001469320 -0.004275775 0.999989748 64.382011414
0.999997914 -0.001776891 -0.000995444 -0.848646939 0.001780307 0.999992490 0.003442063 -1.157715201 0.000989321 -0.003443828 0.999993563 65.817657471
0.999998808 -0.001298857 -0.000729728 -0.856221855 0.001300890 0.999995172 0.002791740 -1.179247737 0.000726098 -0.002792686 0.999995828 67.253578186
0.999999940 -0.000345613 0.000170648 -0.874565303 0.000345102 0.999995470 0.002987832 -1.207683802 -0.000171680 -0.002987773 0.999995530 68.703895569
0.999995470 0.002920192 0.000692528 -0.897661805 -0.002923178 0.999986291 0.004349690 -1.235870004 -0.000679816 -0.004351694 0.999990284 70.122573853
0.999976695 0.006602367 0.001704262 -0.923751950 -0.006611765 0.999962628 0.005568957 -1.259848356 -0.001667430 -0.005580095 0.999982953 71.537498474
0.999940455 0.010637468 0.002437357 -0.945165694 -0.010652075 0.999924898 0.006060712 -1.282571077 -0.002372704 -0.006086314 0.999978662 72.932655334
0.999880075 0.015135997 0.003256601 -0.969770670 -0.015154233 0.999869227 0.005650062 -1.301781416 -0.003170656 -0.005698736 0.999978721 74.351737976
0.999825299 0.018248012 0.004043533 -0.995149672 -0.018267941 0.999820888 0.004948377 -1.321445465 -0.003952512 -0.005021380 0.999979496 75.758163452
0.999794483 0.019784141 0.004423333 -1.003901482 -0.019804813 0.999793053 0.004679867 -1.342450380 -0.004329830 -0.004766509 0.999979198 77.179847717
0.999790072 0.019945465 0.004692762 -1.023118973 -0.019968653 0.999788344 0.004947527 -1.364903808 -0.004593089 -0.005040196 0.999976754 78.604698181
0.999806106 0.019056244 0.004956614 -1.040539980 -0.019079061 0.999807417 0.004598601 -1.390417099 -0.004868028 -0.004692276 0.999977112 80.009407043
0.999824703 0.018027017 0.005081743 -1.064200163 -0.018046042 0.999830246 0.003722488 -1.411468625 -0.005013776 -0.003813541 0.999980152 81.389221191
0.999837935 0.017343037 0.004826144 -1.076545715 -0.017361760 0.999841750 0.003864676 -1.436756134 -0.004758356 -0.003947839 0.999980867 82.774208069
0.999833822 0.017551163 0.004926674 -1.094398499 -0.017570790 0.999837697 0.003968033 -1.463409901 -0.004856231 -0.004053938 0.999979973 84.157592773
0.999846160 0.017080406 0.003982118 -1.097259045 -0.017094186 0.999847949 0.003452552 -1.487357855 -0.003922541 -0.003520092 0.999986112 85.554656982
0.999848902 0.017033700 0.003453385 -1.125200391 -0.017047012 0.999847174 0.003863976 -1.503024697 -0.003387040 -0.003922262 0.999986589 86.920761108
0.999858141 0.016641423 0.002608910 -1.136159539 -0.016653098 0.999851108 0.004519165 -1.528600335 -0.002533315 -0.004561971 0.999986410 88.298645020
0.999888659 0.014827082 0.001635165 -1.151811004 -0.014835797 0.999875009 0.005452024 -1.552331209 -0.001554123 -0.005475677 0.999983788 89.698760986
0.999922037 0.012477749 0.000530307 -1.165637732 -0.012480706 0.999904156 0.005992049 -1.572318792 -0.000455489 -0.005998202 0.999981821 91.083045959
0.999949098 0.010080517 -0.000399554 -1.180076122 -0.010077876 0.999930382 0.006138103 -1.595636845 0.000461401 -0.006133764 0.999981105 92.468498230
0.999957442 0.009197146 -0.000730592 -1.200924277 -0.009192822 0.999941409 0.005719119 -1.622479558 0.000783149 -0.005712159 0.999983370 93.823554993
0.999966443 0.008159510 -0.000708210 -1.221269965 -0.008155631 0.999952555 0.005317428 -1.645509243 0.000751564 -0.005311474 0.999985635 95.191825867
0.999963820 0.008435633 -0.001132451 -1.240356922 -0.008430317 0.999953806 0.004619116 -1.664069653 0.001171364 -0.004609402 0.999988675 96.566856384
0.999966681 0.008118813 -0.000809863 -1.263376951 -0.008115323 0.999958158 0.004224210 -1.690957546 0.000844124 -0.004217496 0.999990702 97.952964783
0.999957025 0.009253134 -0.000592251 -1.285740614 -0.009251126 0.999951661 0.003308289 -1.714171052 0.000622834 -0.003302668 0.999994397 99.318862915
0.999946475 0.010325367 -0.000619925 -1.297782540 -0.010323045 0.999940217 0.003635213 -1.732850552 0.000657423 -0.003628619 0.999993205 100.697273254
0.999940276 0.010897554 -0.000754005 -1.314075470 -0.010893590 0.999927759 0.005076827 -1.755397916 0.000809276 -0.005068311 0.999986768 102.047966003
0.999924898 0.012248167 -0.000461968 -1.347425461 -0.012244973 0.999904692 0.006374837 -1.778178692 0.000540004 -0.006368700 0.999979556 103.402885437
0.999935329 0.011358683 -0.000542888 -1.360215783 -0.011355828 0.999922991 0.005001795 -1.800249100 0.000599660 -0.004995306 0.999987304 104.759010315
0.999930978 0.011737806 -0.000485483 -1.380534649 -0.011736606 0.999928236 0.002403125 -1.815263867 0.000513656 -0.002397261 0.999996960 106.123794556
0.999940336 0.010893400 -0.000737414 -1.396094680 -0.010892549 0.999940038 0.001147408 -1.839451551 0.000749869 -0.001139308 0.999999106 107.482093811
0.999963820 0.008495062 -0.000424841 -1.420718908 -0.008493983 0.999960840 0.002475074 -1.865739107 0.000445851 -0.002471376 0.999996781 108.839805603
0.999980509 0.006237349 0.000095746 -1.444696426 -0.006237706 0.999971032 0.004362395 -1.887025833 -0.000068534 -0.004362908 0.999990463 110.182273865
0.999988437 0.004732205 0.000887468 -1.449903011 -0.004736586 0.999976277 0.005002450 -1.912564516 -0.000863774 -0.005006596 0.999987006 111.561531067
0.999991298 0.003882479 0.001583407 -1.461206436 -0.003888073 0.999986172 0.003545221 -1.931798816 -0.001569621 -0.003551346 0.999992430 112.905540466
0.999981523 0.005638356 0.002276852 -1.483015299 -0.005641546 0.999983132 0.001396861 -1.959414244 -0.002268938 -0.001409680 0.999996364 114.272468567
0.999960601 0.007779268 0.004295811 -1.506430626 -0.007777000 0.999969542 -0.000544415 -1.986172557 -0.004299915 0.000510985 0.999990582 115.628692627
0.999918699 0.011754488 0.004944732 -1.516868830 -0.011750280 0.999930561 -0.000879115 -2.011055470 -0.004954723 0.000820942 0.999987304 116.937103271
0.999899387 0.012665456 0.006385739 -1.529549599 -0.012672113 0.999919116 0.001002979 -2.037011623 -0.006372519 -0.001083798 0.999979079 118.313957214
0.999888301 0.013001567 0.007375689 -1.538532972 -0.013024895 0.999910295 0.003123687 -2.060917377 -0.007334414 -0.003219406 0.999967873 119.661010742
0.999890327 0.012199616 0.008386423 -1.547369123 -0.012232775 0.999917507 0.003914065 -2.086553812 -0.008337978 -0.004016225 0.999957144 121.024063110
0.999870896 0.012928113 0.009546353 -1.553126931 -0.012959696 0.999910712 0.003253847 -2.108067989 -0.009503434 -0.003377145 0.999949038 122.394790649
0.999837220 0.014383133 0.010885522 -1.565908551 -0.014415985 0.999891758 0.002945659 -2.133134127 -0.010841977 -0.003102106 0.999936402 123.739547729
0.999793530 0.016532091 0.011816381 -1.568457842 -0.016562656 0.999859750 0.002493438 -2.152618170 -0.011773502 -0.002688634 0.999927104 125.096023560
0.999767840 0.017170990 0.013014723 -1.575854063 -0.017192418 0.999851048 0.001536326 -2.176556587 -0.012986403 -0.001759724 0.999914050 126.448814392
0.999734938 0.018379517 0.013866955 -1.579827309 -0.018389914 0.999830723 0.000622321 -2.197664738 -0.013853172 -0.000877168 0.999903679 127.799713135
0.999734879 0.017165009 0.015345532 -1.580404997 -0.017174240 0.999852419 0.000469805 -2.223379612 -0.015335203 -0.000733228 0.999882162 129.165237427
0.999724030 0.017223086 0.015976815 -1.580155849 -0.017249255 0.999850094 0.001501527 -2.249946594 -0.015948555 -0.001776701 0.999871254 130.515579224
0.999735832 0.015677851 0.016806964 -1.578384876 -0.015720595 0.999873459 0.002414211 -2.275259495 -0.016766990 -0.002677789 0.999855757 131.861099243
0.999739468 0.015164305 0.017057979 -1.569869041 -0.015213521 0.999880433 0.002759198 -2.298834562 -0.017014099 -0.003017992 0.999850631 133.224090576
0.999772012 0.012771613 0.017111124 -1.562528610 -0.012823595 0.999913454 0.002931599 -2.321728706 -0.017072205 -0.003150357 0.999849260 134.575851440
0.999797881 0.011152211 0.016729139 -1.557019234 -0.011214350 0.999930501 0.003625214 -2.344364405 -0.016687548 -0.003812087 0.999853492 135.954559326
0.999813318 0.010086626 0.016481735 -1.558492899 -0.010140428 0.999943495 0.003184060 -2.365899801 -0.016448688 -0.003350598 0.999859095 137.312271118
0.999839425 0.008920837 0.015545338 -1.561405897 -0.008973631 0.999954164 0.003329542 -2.385918140 -0.015514930 -0.003468506 0.999873579 138.675064087
0.999867678 0.007493884 0.014433029 -1.550866365 -0.007550641 0.999963939 0.003881982 -2.407992363 -0.014403417 -0.003990448 0.999888301 140.049575806
0.999895275 0.005898491 0.013216599 -1.546264410 -0.005952360 0.999974251 0.004040327 -2.429529190 -0.013192425 -0.004118575 0.999904513 141.403594971
0.999913990 0.005569741 0.011873095 -1.546589494 -0.005621494 0.999974847 0.004329918 -2.453288794 -0.011848680 -0.004396291 0.999920130 142.763687134
0.999928296 0.004753142 0.010989783 -1.554394126 -0.004795454 0.999981105 0.003826951 -2.477371216 -0.010971386 -0.003879378 0.999932289 144.121414185
0.999937832 0.004825982 0.010053649 -1.562103868 -0.004862956 0.999981463 0.003656434 -2.501775742 -0.010035818 -0.003705097 0.999942780 145.481246948
0.999957204 0.002465551 0.008915977 -1.564537048 -0.002475986 0.999996305 0.001159514 -2.523834467 -0.008913085 -0.001181540 0.999959588 146.835723877
0.999964297 -0.003379464 0.007747774 -1.560655117 0.003374351 0.999994099 0.000672936 -2.544613123 -0.007750002 -0.000646768 0.999969780 148.234619141
0.999924362 -0.010356311 0.006618042 -1.566339970 0.010334999 0.999941289 0.003246450 -2.569935560 -0.006651273 -0.003177807 0.999972880 149.596633911
0.999834061 -0.017404076 0.005364363 -1.571220636 0.017380156 0.999838889 0.004473951 -2.591233253 -0.005441365 -0.004379975 0.999975622 150.964492798
0.999765754 -0.021299157 0.003834363 -1.561140537 0.021296211 0.999772906 0.000807741 -2.608956099 -0.003850697 -0.000725894 0.999992371 152.341552734
0.999781132 -0.020417122 0.004563164 -1.571100950 0.020426342 0.999789417 -0.001983152 -2.639163017 -0.004521713 0.002075927 0.999987543 153.720169067
0.999845684 -0.016692381 0.005474633 -1.587686539 0.016714716 0.999852061 -0.004060207 -2.671279669 -0.005406047 0.004151087 0.999976754 155.074081421
0.999828398 -0.017451705 0.006201441 -1.596211553 0.017475152 0.999840200 -0.003746880 -2.707909107 -0.006135060 0.003854608 0.999973774 156.440139771
0.999770105 -0.020214612 0.007141623 -1.610417843 0.020217124 0.999795556 -0.000279960 -2.736978054 -0.007134503 0.000424279 0.999974489 157.804229736
0.999628007 -0.026141727 0.007776140 -1.616776824 0.026123041 0.999655604 0.002495135 -2.766222000 -0.007838692 -0.002291071 0.999966681 159.183746338
0.999536037 -0.029464243 0.007716568 -1.616659522 0.029432531 0.999557912 0.004191509 -2.790563583 -0.007836659 -0.003962446 0.999961495 160.538696289
0.999476731 -0.031453032 0.007544874 -1.616653562 0.031424347 0.999498546 0.003890780 -2.814662218 -0.007663468 -0.003651651 0.999963939 161.905273438
0.999518037 -0.029796254 0.008707249 -1.627717257 0.029756328 0.999546289 0.004679446 -2.838720798 -0.008842728 -0.004418096 0.999951124 163.264587402
0.999625862 -0.025607159 0.009608789 -1.622112513 0.025572272 0.999665976 0.003736052 -2.861210346 -0.009701248 -0.003488936 0.999946833 164.659301758
0.999698400 -0.022253618 0.010385098 -1.632810235 0.022236831 0.999751210 0.001729682 -2.884441614 -0.010421006 -0.001498228 0.999944627 166.012527466
0.999743521 -0.019483503 0.011543927 -1.656441808 0.019473696 0.999810040 0.000961382 -2.907497168 -0.011560466 -0.000736332 0.999932885 167.367950439
0.999769151 -0.017786929 0.012057050 -1.663222551 0.017758816 0.999839246 0.002434900 -2.932536125 -0.012098424 -0.002220218 0.999924302 168.748001099
0.999807358 -0.015958799 0.011426124 -1.656069756 0.015937045 0.999871016 0.001992029 -2.961168051 -0.011456440 -0.001809546 0.999932706 170.148544312
0.999843419 -0.013997019 0.010822770 -1.657825351 0.014003489 0.999901831 -0.000522484 -2.983015299 -0.010814391 0.000673959 0.999941289 171.531723022
0.999895036 -0.010056865 0.010426800 -1.670272589 0.010093237 0.999943078 -0.003441648 -3.008185625 -0.010391595 0.003546527 0.999939740 172.906448364
0.999936819 -0.004561493 0.010276185 -1.683525324 0.004610447 0.999978125 -0.004745158 -3.038724661 -0.010254313 0.004792235 0.999935925 174.282714844
0.999941707 0.000138832 0.010795596 -1.699200869 -0.000099846 0.999993443 -0.003611766 -3.070217133 -0.010796029 0.003610477 0.999935210 175.649948120
0.999930143 0.002901125 0.011457633 -1.715341568 -0.002881184 0.999994278 -0.001756600 -3.098769903 -0.011462662 0.001723466 0.999932826 177.007064819
0.999927402 0.003793976 0.011435460 -1.722802877 -0.003799160 0.999992669 0.000431685 -3.125946045 -0.011433738 -0.000475099 0.999934435 178.394531250
0.999941647 0.000440059 0.010794732 -1.727566838 -0.000454682 0.999998927 0.001352351 -3.150042295 -0.010794125 -0.001357181 0.999940753 179.788619995
0.999956667 -0.001542882 0.009172657 -1.723623872 0.001529710 0.999997795 0.001442869 -3.174488068 -0.009174861 -0.001428775 0.999956906 181.208740234
0.999971509 -0.001858371 0.007320182 -1.730539918 0.001878505 0.999994516 -0.002744436 -3.202819586 -0.007315042 0.002758109 0.999969423 182.635620117
0.999983072 -0.000140469 0.005812469 -1.738190174 0.000179893 0.999976993 -0.006782599 -3.231603146 -0.005811384 0.006783529 0.999960065 184.045104980
0.999974549 0.004904802 0.005184998 -1.755366802 -0.004866193 0.999960542 -0.007433183 -3.264282227 -0.005221252 0.007407764 0.999958932 185.468673706
0.999952734 0.008410876 0.004881717 -1.764281511 -0.008379054 0.999943733 -0.006502848 -3.302237034 -0.004936138 0.006461635 0.999966919 186.881179810
0.999929428 0.010471547 0.005614238 -1.788618565 -0.010454852 0.999940813 -0.002995236 -3.336529255 -0.005645272 0.002936328 0.999979734 188.285476685
0.999917924 0.011384019 0.005867828 -1.795798659 -0.011378614 0.999934793 -0.000953764 -3.368491173 -0.005878303 0.000886918 0.999982297 189.677886963
0.999929249 0.010272515 0.005989408 -1.803053737 -0.010273312 0.999947250 0.000102483 -3.394218683 -0.005988040 -0.000164007 0.999982059 191.084121704
0.999945223 0.008659841 0.005877652 -1.809297085 -0.008662744 0.999962389 0.000468361 -3.414214373 -0.005873376 -0.000519252 0.999982595 192.536407471
0.999961913 0.006266247 0.006060547 -1.817097425 -0.006272464 0.999979794 0.001007387 -3.439342976 -0.006054113 -0.001045363 0.999981105 193.983093262
0.999973774 0.003646713 0.006250755 -1.824860334 -0.003653130 0.999992847 0.001015602 -3.463239908 -0.006247007 -0.001038411 0.999979973 195.440460205
0.999977648 0.000346627 0.006672619 -1.829318285 -0.000359912 0.999997973 0.001989867 -3.489896774 -0.006671917 -0.001992224 0.999975681 196.897460938
0.999963641 -0.004439033 0.007263630 -1.832272291 0.004411970 0.999983251 0.003737670 -3.517475367 -0.007280101 -0.003705488 0.999966681 198.358169556
0.999948740 -0.006916805 0.007397793 -1.833862782 0.006890417 0.999969780 0.003586579 -3.540244579 -0.007422378 -0.003535421 0.999966204 199.811843872
0.999960065 -0.004725675 0.007592936 -1.839318633 0.004733733 0.999988258 -0.001043660 -3.561777353 -0.007587916 0.001079561 0.999970555 201.276016235
0.999957085 0.002656396 0.008876967 -1.883536935 -0.002605241 0.999979973 -0.005769294 -3.589449883 -0.008892114 0.005745919 0.999943972 202.685516357
0.999877274 0.012093459 0.009954372 -1.895175457 -0.012033768 0.999909401 -0.006034651 -3.621459484 -0.010026451 0.005914123 0.999932230 204.159027100
0.999739408 0.019852573 0.011269827 -1.924092293 -0.019824760 0.999800146 -0.002574289 -3.649518728 -0.011318683 0.002350197 0.999933124 205.604614258
0.999714434 0.020625537 0.012073024 -1.931900740 -0.020622514 0.999787271 -0.000375146 -3.679258585 -0.012078194 0.000126063 0.999927044 207.066284180
0.999757051 0.018819619 0.011471743 -1.924649000 -0.018820683 0.999822855 -0.000015644 -3.700428247 -0.011470007 -0.000200266 0.999934196 208.548553467
0.999837518 0.015127523 0.009803509 -1.918420792 -0.015129381 0.999885499 0.000115288 -3.727178097 -0.009800646 -0.000263590 0.999951899 210.018554688
0.999865592 0.013582892 0.009183506 -1.928883076 -0.013579360 0.999907672 -0.000446772 -3.755932331 -0.009188725 0.000322006 0.999957740 211.496871948
0.999867082 0.013891819 0.008537469 -1.933596134 -0.013885614 0.999903202 -0.000785727 -3.784622192 -0.008547558 0.000667074 0.999963284 212.984817505
0.999845684 0.015435560 0.008388858 -1.939223886 -0.015430995 0.999880731 -0.000608530 -3.812108278 -0.008397251 0.000478987 0.999964595 214.467758179
0.999859691 0.014788102 0.007859342 -1.941454530 -0.014792443 0.999890387 0.000494145 -3.850804329 -0.007851177 -0.000610335 0.999969006 215.951507568
0.999866009 0.014527394 0.007540307 -1.952393770 -0.014527700 0.999894381 -0.000014532 -3.878063440 -0.007539723 -0.000095013 0.999971569 217.441207886
0.999868810 0.014523449 0.007161700 -1.959195137 -0.014513440 0.999893546 -0.001447804 -3.905351162 -0.007181966 0.001343673 0.999973297 218.909469604
0.999874771 0.014275704 0.006833040 -1.968317270 -0.014264926 0.999896944 -0.001623741 -3.932354927 -0.006855516 0.001526065 0.999975324 220.390014648
0.999875188 0.014338274 0.006623655 -1.979367375 -0.014328019 0.999895990 -0.001593538 -3.964750767 -0.006645816 0.001498436 0.999976814 221.892272949
0.999863625 0.015081204 0.006731513 -2.000028133 -0.015068433 0.999884486 -0.001943790 -3.994223833 -0.006760051 0.001842091 0.999975443 223.388946533
0.999867499 0.014979283 0.006374551 -2.011851788 -0.014965947 0.999885738 -0.002134791 -4.025907516 -0.006405801 0.002039107 0.999977410 224.896530151
0.999850988 0.016190045 0.005976473 -2.025417328 -0.016175149 0.999865949 -0.002532836 -4.054176331 -0.006016679 0.002435788 0.999978960 226.385406494
0.999860346 0.015714476 0.005677143 -2.033516884 -0.015699832 0.999873340 -0.002614506 -4.086695194 -0.005717510 0.002525010 0.999980390 227.881210327
0.999846637 0.016549652 0.005732238 -2.054266691 -0.016534941 0.999859810 -0.002604247 -4.115855694 -0.005774535 0.002509065 0.999980092 229.388351440
0.999864221 0.015428921 0.005787812 -2.075372696 -0.015414024 0.999877810 -0.002609764 -4.147547722 -0.005827370 0.002520197 0.999979854 230.926864624
0.999886751 0.013964833 0.005614661 -2.092474937 -0.013949137 0.999898732 -0.002824929 -4.178277493 -0.005653542 0.002746289 0.999980271 232.434234619
0.999900043 0.012708649 0.006183888 -2.112122774 -0.012693434 0.999916315 -0.002493439 -4.213529587 -0.006215059 0.002414695 0.999977767 233.951965332
0.999917328 0.011212343 0.006295941 -2.124581814 -0.011201170 0.999935567 -0.001807315 -4.242743015 -0.006315799 0.001736644 0.999978542 235.476989746
0.999910235 0.011573780 0.006771863 -2.145532131 -0.011564369 0.999932110 -0.001427405 -4.282081604 -0.006787924 0.001348964 0.999976039 237.010421753
0.999905527 0.011913711 0.006843052 -2.155339479 -0.011902799 0.999927759 -0.001633116 -4.313597679 -0.006862015 0.001551510 0.999975264 238.548995972
0.999898076 0.012404218 0.007057845 -2.167712212 -0.012389984 0.999921143 -0.002057078 -4.347693920 -0.007082805 0.001969423 0.999972999 240.075286865
0.999875247 0.013802661 0.007669932 -2.181236982 -0.013791200 0.999903738 -0.001545313 -4.378189087 -0.007690523 0.001439343 0.999969423 241.606430054
0.999864340 0.014170750 0.008387101 -2.189810276 -0.014174349 0.999899387 0.000370070 -4.404904366 -0.008381013 -0.000488902 0.999964774 243.154663086
0.999857903 0.014262483 0.008988449 -2.197608948 -0.014271165 0.999897778 0.000902501 -4.432381153 -0.008974659 -0.001030648 0.999959111 244.682128906
0.999846935 0.014635482 0.009586287 -2.204678297 -0.014630050 0.999892771 -0.000636456 -4.462608337 -0.009594572 0.000496111 0.999953806 246.208023071
0.999841511 0.014916742 0.009717298 -2.197046280 -0.014894036 0.999886215 -0.002404689 -4.488071918 -0.009752063 0.002259577 0.999949813 247.753494263
0.999838352 0.015095758 0.009759924 -2.198194742 -0.015082191 0.999885201 -0.001462168 -4.526004314 -0.009780875 0.001314731 0.999951303 249.286911011
0.999842405 0.014948267 0.009568426 -2.196326971 -0.014942354 0.999888122 -0.000689031 -4.554481030 -0.009577656 0.000545947 0.999953985 250.869277954
0.999831498 0.015568513 0.009717273 -2.206708431 -0.015566770 0.999878824 -0.000255101 -4.584165573 -0.009720068 0.000103791 0.999952674 252.411071777
0.999830723 0.015818311 0.009390896 -2.206125498 -0.015815007 0.999874771 -0.000425553 -4.612051010 -0.009396452 0.000276964 0.999955833 253.970413208
0.999803364 0.017309066 0.009690233 -2.214336395 -0.017307337 0.999850094 -0.000262640 -4.640627384 -0.009693328 0.000094876 0.999953032 255.526306152
0.999769628 0.019000256 0.009976052 -2.222800255 -0.019000893 0.999819458 -0.000030746 -4.676291943 -0.009974836 -0.000158815 0.999950230 257.062286377
0.999756038 0.019663131 0.010063850 -2.232052088 -0.019662697 0.999806643 -0.000141633 -4.699307919 -0.010064688 -0.000056284 0.999949336 258.609466553
0.999791741 0.017822886 0.009942339 -2.234159470 -0.017827870 0.999840915 0.000412723 -4.734867096 -0.009933403 -0.000589887 0.999950409 260.177490234
0.999824286 0.016055260 0.009690144 -2.232452154 -0.016066363 0.999870360 0.001068938 -4.758646965 -0.009671727 -0.001224435 0.999952495 261.737579346
0.999855161 0.013616947 0.010202059 -2.238466501 -0.013635698 0.999905407 0.001770673 -4.785949707 -0.010176984 -0.001909529 0.999946415 263.305084229
0.999873102 0.012058617 0.010410465 -2.250216007 -0.012069491 0.999926686 0.000982379 -4.813949585 -0.010397856 -0.001107903 0.999945343 264.857849121
0.999891520 0.010747803 0.010073666 -2.253544331 -0.010750436 0.999942183 0.000207200 -4.844119072 -0.010070857 -0.000315473 0.999949276 266.428497314
0.999905407 0.009425701 0.010015761 -2.247897625 -0.009441721 0.999954224 0.001553211 -4.868292809 -0.010000662 -0.001647631 0.999948561 268.010894775
0.999913216 0.007230338 0.011015566 -2.257805586 -0.007271370 0.999966681 0.003689245 -4.899654388 -0.010988525 -0.003769023 0.999932468 269.579650879
0.999918580 0.006741551 0.010826935 -2.264933109 -0.006770427 0.999973536 0.002632601 -4.927665710 -0.010808902 -0.002705691 0.999937832 271.159729004
0.999921560 0.006355295 0.010790600 -2.256848574 -0.006374185 0.999978185 0.001716956 -4.952795506 -0.010779453 -0.001785603 0.999940276 272.729492188
0.999910176 0.007075577 0.011383364 -2.258729935 -0.007092241 0.999973834 0.001424042 -4.981364250 -0.011372988 -0.001504648 0.999934196 274.296112061
0.999877155 0.009181367 0.012699628 -2.265916586 -0.009197180 0.999956965 0.001187342 -5.008477688 -0.012688180 -0.001303998 0.999918580 275.849090576
0.999852717 0.010803168 0.013330835 -2.272874117 -0.010819744 0.999940693 0.001171797 -5.040272236 -0.013317386 -0.001315861 0.999910474 277.407623291
0.999819219 0.012367366 0.014440646 -2.274319172 -0.012380481 0.999923050 0.000818998 -5.069931030 -0.014429406 -0.000997633 0.999895394 278.977386475
0.999801576 0.013196800 0.014921085 -2.264398098 -0.013204779 0.999912739 0.000436170 -5.099124432 -0.014914026 -0.000633113 0.999888599 280.535003662
0.999781132 0.013883276 0.015649995 -2.260465145 -0.013885298 0.999903619 0.000020563 -5.139523983 -0.015648203 -0.000237864 0.999877453 282.069152832
0.999777675 0.012964942 0.016629303 -2.257305145 -0.012959493 0.999915838 -0.000435324 -5.167747021 -0.016633548 0.000219720 0.999861658 283.651824951
0.999773085 0.012623944 0.017157400 -2.239298820 -0.012619856 0.999920309 -0.000346508 -5.195592403 -0.017160404 0.000129905 0.999852657 285.256469727
0.999777198 0.011553298 0.017665971 -2.223252773 -0.011565796 0.999932945 0.000605468 -5.226963997 -0.017657790 -0.000809654 0.999843776 286.871551514
0.999767065 0.011170701 0.018462723 -2.225222111 -0.011183796 0.999937415 0.000606272 -5.250243664 -0.018454794 -0.000812615 0.999829292 288.459320068
0.999791801 0.009973207 0.017802386 -2.196468353 -0.009946795 0.999949276 -0.001571550 -5.289050102 -0.017817160 0.001394146 0.999840319 290.037261963
0.999813616 0.008614087 0.017278491 -2.178585529 -0.008551570 0.999956548 -0.003688772 -5.320302963 -0.017309519 0.003540326 0.999843836 291.635833740
0.999833286 0.008016553 0.016399978 -2.170526505 -0.007959607 0.999962091 -0.003534693 -5.355583191 -0.016427690 0.003403567 0.999859273 293.213439941
0.999857724 0.006899459 0.015387992 -2.164919376 -0.006848762 0.999971092 -0.003344798 -5.390640259 -0.015410624 0.003238934 0.999876022 294.800659180
0.999872267 0.007254365 0.014242066 -2.156542778 -0.007196750 0.999965727 -0.004092381 -5.419920921 -0.014271266 0.003989362 0.999890208 296.382141113
0.999867201 0.008010026 0.014194046 -2.164720058 -0.007943674 0.999957204 -0.004724815 -5.451417923 -0.014231286 0.004611436 0.999888122 297.978942871
0.999884307 0.007418692 0.013273275 -2.152159929 -0.007364852 0.999964476 -0.004100496 -5.490396500 -0.013303222 0.004002267 0.999903500 299.579742432
0.999903262 0.006574668 0.012251177 -2.149368525 -0.006530050 0.999971926 -0.003678346 -5.533448696 -0.012275014 0.003597990 0.999918103 301.164489746
0.999918878 0.006538818 0.010931223 -2.150319576 -0.006514375 0.999976218 -0.002270048 -5.575211048 -0.010945804 0.002198654 0.999937594 302.747985840
0.999913216 0.008346823 0.010194558 -2.152971983 -0.008335097 0.999964535 -0.001192157 -5.603313446 -0.010204146 0.001107081 0.999947250 304.353271484
0.999905407 0.008315265 0.010957555 -2.150792837 -0.008305971 0.999965131 -0.000893659 -5.633313656 -0.010964604 0.000802561 0.999939561 305.937194824
0.999895334 0.008584466 0.011639796 -2.148278236 -0.008569852 0.999962449 -0.001304773 -5.663652897 -0.011650559 0.001204885 0.999931395 307.555572510
0.999901831 0.007187132 0.012028612 -2.147937059 -0.007170104 0.999973238 -0.001458036 -5.693504333 -0.012038770 0.001371647 0.999926507 309.159179688
0.999909163 0.005757477 0.012185882 -2.145714521 -0.005729123 0.999980807 -0.002360483 -5.726225853 -0.012199241 0.002290455 0.999922991 310.787628174
0.999915600 0.003976811 0.012362660 -2.141159296 -0.003924806 0.999983370 -0.004228013 -5.760963917 -0.012379267 0.004179135 0.999914646 312.390960693
0.999922991 0.003320884 0.011958663 -2.138950109 -0.003257734 0.999980688 -0.005296261 -5.797731400 -0.011976020 0.005256895 0.999914467 314.012725830
0.999941528 0.004224984 0.009954282 -2.148850679 -0.004162260 0.999971330 -0.006313520 -5.837235928 -0.009980673 0.006271719 0.999930441 315.637329102
0.999959528 0.004726707 0.007651283 -2.152322531 -0.004683536 0.999973059 -0.005650437 -5.873630524 -0.007677786 0.005614374 0.999954700 317.273742676
0.999962926 0.005014698 0.006988221 -2.150378942 -0.004998982 0.999984860 -0.002264679 -5.918492794 -0.006999472 0.002229661 0.999972939 318.933044434
0.999967754 0.003800890 0.007074604 -2.151020765 -0.003804469 0.999992609 0.000492435 -5.944283962 -0.007072680 -0.000519335 0.999974787 320.597351074
0.999975324 0.002185540 0.006676890 -2.150730133 -0.002194408 0.999996722 0.001320984 -5.977641106 -0.006673982 -0.001335603 0.999976754 322.241058350
0.999978006 0.001257938 0.006507843 -2.151326418 -0.001257713 0.999999225 -0.000038745 -6.001120090 -0.006507886 0.000030560 0.999978840 323.894622803
0.999977767 -0.000489167 0.006649980 -2.153677464 0.000487412 0.999999821 0.000265515 -6.035146236 -0.006650109 -0.000262268 0.999977887 325.548889160
0.999970496 0.000285064 0.007679662 -2.191657543 -0.000286230 0.999999940 0.000150704 -6.062129974 -0.007679619 -0.000152897 0.999970496 327.147186279
0.999965250 0.000441800 0.008324435 -2.198011398 -0.000441960 0.999999821 0.000017391 -6.094714642 -0.008324430 -0.000021070 0.999965370 328.782806396
0.999961972 0.001609044 0.008571590 -2.203299761 -0.001602528 0.999998569 -0.000767017 -6.127869129 -0.008572810 0.000753252 0.999962986 330.430664062
0.999951720 0.002724727 0.009439716 -2.214086771 -0.002711565 0.999995351 -0.001406812 -6.161962986 -0.009443505 0.001381148 0.999954462 332.073394775
0.999945998 0.001620063 0.010260501 -2.217693567 -0.001624211 0.999998748 0.000396022 -6.194628716 -0.010259844 -0.000412666 0.999947309 333.720306396
0.999945462 0.000532596 0.010426706 -2.225002050 -0.000548601 0.999998689 0.001532206 -6.231153011 -0.010425879 -0.001537843 0.999944448 335.359100342
0.999943376 -0.000054783 0.010634454 -2.232313871 0.000056511 1.000000000 -0.000162237 -6.256028652 -0.010634446 0.000162829 0.999943376 337.007202148
0.999947608 0.000716238 0.010211123 -2.226067066 -0.000719031 0.999999702 0.000269917 -6.293796539 -0.010210929 -0.000277245 0.999947846 338.654113770
0.999945402 0.002720642 0.010090469 -2.244797707 -0.002704120 0.999994993 -0.001650739 -6.328442097 -0.010094908 0.001623363 0.999947727 340.290405273
0.999945760 0.004364599 0.009466312 -2.251486778 -0.004321715 0.999980330 -0.004545885 -6.363656998 -0.009485967 0.004504727 0.999944866 341.934326172
0.999945760 0.005774782 0.008662767 -2.262100220 -0.005738400 0.999974608 -0.004218834 -6.400280952 -0.008686907 0.004168894 0.999953568 343.572875977
0.999946296 0.006792529 0.007823472 -2.274521112 -0.006787296 0.999976635 -0.000695255 -6.440518856 -0.007828010 0.000642118 0.999969125 345.183044434
0.999950886 0.007523473 0.006456335 -2.283983231 -0.007536965 0.999969363 0.002067905 -6.474556923 -0.006440579 -0.002116465 0.999976993 346.810058594
0.999952912 0.008095927 0.005341476 -2.296692133 -0.008101414 0.999966681 0.001006932 -6.506823063 -0.005333146 -0.001050159 0.999985218 348.425811768
0.999966621 0.007347926 0.003561373 -2.307443857 -0.007345882 0.999972820 -0.000586836 -6.535160065 -0.003565589 0.000560655 0.999993443 350.044342041
0.999979973 0.006131544 0.001528750 -2.317227840 -0.006132538 0.999980986 0.000646609 -6.563759804 -0.001524756 -0.000655971 0.999998569 351.648712158
0.999990225 0.004387008 0.000563466 -2.334298849 -0.004387732 0.999989510 0.001290331 -6.598140240 -0.000557800 -0.001292791 0.999998987 353.273742676
0.999990702 0.004308092 0.000300374 -2.355484724 -0.004308218 0.999990582 0.000418507 -6.627923012 -0.000298568 -0.000419797 0.999999821 354.897949219
0.999994576 0.003278765 -0.000253539 -2.368968248 -0.003278866 0.999994516 -0.000401378 -6.662284374 0.000252222 0.000402207 0.999999881 356.507843018
0.999994278 0.003379856 -0.000232925 -2.393539906 -0.003380078 0.999993801 -0.000961762 -6.688835144 0.000229673 0.000962544 0.999999523 358.120697021
0.999997497 0.002237596 -0.000176304 -2.413029671 -0.002237777 0.999996960 -0.001035033 -6.721968174 0.000173988 0.001035425 0.999999464 359.734680176
0.999996424 0.002645871 -0.000129279 -2.436564922 -0.002646076 0.999995172 -0.001613381 -6.758800983 0.000125010 0.001613718 0.999998689 361.353088379
0.999998152 0.001919826 -0.000157346 -2.458647728 -0.001920169 0.999995708 -0.002209342 -6.792625904 0.000153103 0.002209641 0.999997556 362.988006592
0.999998987 0.001439429 -0.000154212 -2.478588820 -0.001439741 0.999996841 -0.002040400 -6.824428082 0.000151275 0.002040620 0.999997914 364.602966309
0.999999404 0.001031046 -0.000304700 -2.491526127 -0.001031826 0.999996126 -0.002569509 -6.866963863 0.000302050 0.002569822 0.999996662 366.240356445
0.999999881 -0.000302485 -0.000363371 -2.510326862 0.000300982 0.999991417 -0.004129228 -6.899380684 0.000364617 0.004129119 0.999991417 367.854125977
0.999998331 -0.001864119 -0.000283671 -2.533372164 0.001863495 0.999995887 -0.002184343 -6.934405327 0.000287742 0.002183810 0.999997556 369.461822510
0.999994159 -0.003356682 -0.000639093 -2.546476841 0.003355660 0.999993086 -0.001592271 -6.966134071 0.000644433 0.001590117 0.999998510 371.082366943
0.999991119 -0.004180485 -0.000505657 -2.563830853 0.004179219 0.999988198 -0.002480743 -6.999648094 0.000516022 0.002478608 0.999996781 372.709747314
0.999996245 -0.002738545 -0.000078625 -2.595906973 0.002738269 0.999990761 -0.003328523 -7.028689384 0.000087739 0.003328295 0.999994397 374.332275391
0.999998569 -0.001556975 0.000598206 -2.617231131 0.001558460 0.999995649 -0.002490079 -7.068923950 -0.000594326 0.002491008 0.999996722 375.968963623
0.999999702 0.000001095 0.000721380 -2.631449223 0.000000167 0.999998391 -0.001749147 -7.102407932 -0.000721381 0.001749147 0.999998212 377.596893311
0.999999404 0.000012700 0.001063506 -2.655138969 -0.000010755 0.999998331 -0.001828713 -7.137978554 -0.001063528 0.001828701 0.999997675 379.233642578
0.999998629 0.000379512 0.001599538 -2.686784744 -0.000374517 0.999994993 -0.003121559 -7.163946152 -0.001600715 0.003120955 0.999993801 380.846984863
0.999997497 0.000576863 0.002171763 -2.718692780 -0.000570459 0.999995410 -0.002948614 -7.201414108 -0.002173454 0.002947367 0.999993324 382.458953857
0.999997735 0.000270281 0.002114884 -2.724917412 -0.000264310 0.999995947 -0.002822877 -7.242200851 -0.002115638 0.002822312 0.999993801 384.101928711
0.999993086 0.002580308 0.002680326 -2.749290466 -0.002571542 0.999991357 -0.003268836 -7.270249367 -0.002688737 0.003261921 0.999991059 385.741973877
0.999987066 0.004058988 0.003103519 -2.764691830 -0.004050770 0.999988258 -0.002649769 -7.308080673 -0.003114238 0.002637163 0.999991655 387.379791260
0.999974787 0.006101675 0.003631532 -2.793216705 -0.006088371 0.999974728 -0.003663332 -7.341879845 -0.003653793 0.003641130 0.999986649 389.023040771
