1.000000000 0.000000000 0.000000000 0.000000000 0.000000000 1.000000000 0.000000000 0.000000000 0.000000000 0.000000000 1.000000000 0.000000000
0.999933064 -0.002561490 0.011284510 0.012048341 0.002549272 0.999996126 0.001096978 -0.006823193 -0.011287276 -0.001068137 0.999935746 0.296170443
0.999832094 -0.004681659 0.017715834 0.022398811 0.004660545 0.999988377 0.001232926 -0.010937791 -0.017721400 -0.001150154 0.999842286 0.592787743
0.999777973 -0.007365684 0.019741135 0.028052919 0.007367820 0.999972880 -0.000035416 -0.014319211 -0.019740338 0.000180857 0.999805152 0.903696239
0.999819160 -0.008707987 0.016907666 0.044587709 0.008738240 0.999960363 -0.001716300 -0.013158323 -0.016892049 0.001863733 0.999855578 1.223251104
0.999887586 -0.011444241 0.009684458 0.051319540 0.011478037 0.999928176 -0.003441295 -0.013266256 -0.009644381 0.003552066 0.999947190 1.547959447
0.999909818 -0.013377319 -0.001166730 0.023039971 0.013371743 0.999899745 -0.004661127 -0.031752728 0.001228967 0.004645105 0.999988437 1.873651743
0.999764025 -0.012619223 -0.017681455 0.003360286 0.012533687 0.999909163 -0.004940181 -0.036806002 0.017742187 0.004717402 0.999831557 2.218378782
0.999300897 -0.007882700 -0.036544874 -0.038909432 0.007704903 0.999957740 -0.005003517 -0.042497788 0.036582772 0.004718445 0.999319553 2.570494652
0.998379469 -0.004490243 -0.056731030 -0.074738510 0.004137976 0.999971390 -0.006325376 -0.046541292 0.056757808 0.006080373 0.998369455 2.930824757
0.997079670 -0.004147603 -0.076255471 -0.119962737 0.003654894 0.999971569 -0.006599714 -0.055048458 0.076280676 0.006301735 0.997066498 3.304286242
0.995217681 -0.005660005 -0.097517222 -0.168002605 0.005090203 0.999968588 -0.006090890 -0.058328211 0.097548619 0.005565379 0.995215237 3.691285610
0.993122399 -0.007163896 -0.116861522 -0.232169509 0.006627387 0.999965668 -0.004978915 -0.068235800 0.116893202 0.004170186 0.993135691 4.084681511
0.990948737 -0.006285215 -0.134093478 -0.306526303 0.005662734 0.999971449 -0.005023027 -0.066977471 0.134121180 0.004218226 0.990955949 4.485794067
0.988692641 -0.005084468 -0.149869844 -0.384027839 0.004421172 0.999978900 -0.004758657 -0.069763519 0.149890870 0.004042249 0.988694191 4.904687881
0.986550629 -0.004355854 -0.163397744 -0.471388310 0.003624985 0.999981999 -0.004770840 -0.081637502 0.163415596 0.004114360 0.986548841 5.332318783
0.984520316 -0.005818347 -0.175173670 -0.566061914 0.004901525 0.999971926 -0.005665994 -0.088323385 0.175201744 0.004719669 0.984521151 5.768801689
0.982896745 -0.009527192 -0.183910906 -0.662476778 0.008250101 0.999936283 -0.007708010 -0.098600030 0.183972642 0.006058894 0.982912660 6.213311195
0.981352150 -0.008704165 -0.192021489 -0.760049164 0.006992998 0.999929547 -0.009587251 -0.107170135 0.192091435 0.008065661 0.981343865 6.684320927
0.979914188 -0.008329636 -0.199245587 -0.873043954 0.006225356 0.999918103 -0.011185391 -0.115249217 0.199322447 0.009720348 0.979885697 7.156679153
0.978237271 -0.008975996 -0.207294762 -0.988540351 0.006170398 0.999880493 -0.014176950 -0.123801827 0.207397282 0.012589331 0.978175819 7.658042908
0.976601899 -0.012995862 -0.214662090 -1.106066823 0.009865444 0.999828875 -0.015647979 -0.137297675 0.214828745 0.013164113 0.976563036 8.148908615
0.974698365 -0.019201223 -0.222698078 -1.218484640 0.015806315 0.999730229 -0.017017003 -0.148938045 0.222964749 0.013066414 0.974739015 8.672487259
0.972720146 -0.020144923 -0.231105924 -1.354380846 0.016087914 0.999681830 -0.019426052 -0.166154489 0.231423795 0.015178096 0.972734630 9.192066193
0.970676899 -0.016448312 -0.239824682 -1.509292603 0.011050062 0.999654770 -0.023836542 -0.176621377 0.240133986 0.020487502 0.970523536 9.730692863
0.968664825 -0.013201252 -0.248020619 -1.672919154 0.006783985 0.999620199 -0.026710799 -0.199355319 0.248279050 0.024191242 0.968386471 10.275502205
0.966360927 -0.016118543 -0.256684154 -1.825781226 0.009120439 0.999554098 -0.028430741 -0.219450101 0.257027984 0.025133278 0.966077149 10.853138924
0.964171290 -0.018246580 -0.264652044 -1.997656703 0.010495410 0.999474347 -0.030672785 -0.243250176 0.265072584 0.026796188 0.963856041 11.422056198
0.962007105 -0.017866818 -0.272439182 -2.173110008 0.009241559 0.999415636 -0.032909863 -0.269092441 0.272867888 0.029141763 0.961610079 11.996426582
0.959793866 -0.016953589 -0.280193329 -2.365722179 0.006982240 0.999307513 -0.036547400 -0.295710683 0.280618876 0.033121597 0.959247589 12.601086617
0.957554877 -0.017719639 -0.287705958 -2.564639807 0.005958518 0.999112189 -0.041703351 -0.326022685 0.288189530 0.038218942 0.956810355 13.214246750
0.955933392 -0.019114990 -0.292960942 -2.767760992 0.004985845 0.998791218 -0.048899855 -0.362990618 0.293541580 0.045284342 0.954873145 13.829065323
0.954529226 -0.019976851 -0.297447205 -2.977087021 0.003179286 0.998377681 -0.056849450 -0.402476698 0.298100442 0.053318795 0.953044176 14.458508492
0.953373432 -0.019508857 -0.301161885 -3.197012663 -0.000261737 0.997854590 -0.065468237 -0.444924593 0.301792979 0.062494501 0.951323032 15.092810631
0.952086151 -0.018848337 -0.305248499 -3.423344135 -0.004040498 0.997236729 -0.074179418 -0.496703446 0.305803150 0.071858555 0.949379206 15.745290756
0.950836480 -0.018549325 -0.309137344 -3.657096863 -0.006988174 0.996665359 -0.081297465 -0.549332380 0.309614509 0.079460911 0.947536170 16.397829056
0.949229121 -0.016509768 -0.314152062 -3.896722794 -0.011742122 0.996066689 -0.087826222 -0.611552775 0.314366430 0.087056011 0.945301473 17.073822021
0.947617590 -0.015567517 -0.319027603 -4.145912647 -0.015131639 0.995502114 -0.093523271 -0.683065295 0.319048584 0.093451694 0.943119645 17.760814667
0.946097076 -0.013651838 -0.323595792 -4.394950867 -0.019334348 0.994948924 -0.098502688 -0.758998632 0.323306054 0.099449590 0.941054165 18.422069550
0.944544911 -0.011147774 -0.328193218 -4.657429218 -0.023441980 0.994584799 -0.101249523 -0.834784865 0.327544689 0.103328228 0.939168572 19.112974167
0.942880273 -0.010153969 -0.332977235 -4.934148788 -0.025605956 0.994369149 -0.102830298 -0.913446188 0.332146496 0.105482846 0.937310994 19.823364258
0.940803945 -0.009380986 -0.338821411 -5.210234165 -0.026927959 0.994388819 -0.102302499 -0.995656490 0.337879956 0.105370358 0.935272217 20.520214081
0.938612401 -0.009147124 -0.344852507 -5.494067192 -0.027301911 0.994543195 -0.100689784 -1.079805613 0.343891740 0.103923798 0.933240712 21.246356964
0.936031222 -0.010004774 -0.351774663 -5.783210754 -0.026481438 0.994759262 -0.098755822 -1.168609858 0.350919187 0.101754040 0.930860817 21.985742569
0.933010757 -0.008887761 -0.359738678 -6.086383343 -0.027455948 0.995022595 -0.095792383 -1.252003312 0.358799487 0.099252298 0.928122699 22.728355408
0.929830551 -0.006608948 -0.367928684 -6.396306038 -0.028686145 0.995494366 -0.090377375 -1.331604123 0.366868228 0.094590083 0.925451458 23.457639694
0.926402330 -0.003467710 -0.376519352 -6.718430519 -0.030979374 0.995865464 -0.085394658 -1.411043644 0.375258714 0.090774134 0.922464609 24.214643478
0.922946453 0.000989542 -0.384927064 -7.060415268 -0.035089329 0.996049404 -0.081573740 -1.488565922 0.383325726 0.088795029 0.919335008 24.968780518
0.919241190 0.001964883 -0.393690169 -7.408079147 -0.036248554 0.996162355 -0.079666235 -1.565809608 0.392022818 0.087503180 0.915784538 25.743854523
0.915309727 0.001170358 -0.402748793 -7.766722679 -0.036117010 0.996205330 -0.079186648 -1.637354493 0.401127785 0.087026410 0.911878765 26.506561279
0.911585152 0.001276504 -0.411109179 -8.134281158 -0.036674421 0.996260762 -0.078227714 -1.707402825 0.409472078 0.086388417 0.908223331 27.290191650
0.907888472 0.002059527 -0.419206589 -8.525090218 -0.037516724 0.996374488 -0.076355994 -1.782520056 0.417529583 0.085050002 0.904674172 28.067300797
0.904283166 0.001430639 -0.426930636 -8.922688484 -0.036679570 0.996557236 -0.074351706 -1.853840828 0.425354421 0.082894623 0.901222527 28.873424530
0.900529146 0.001808774 -0.434791923 -9.333155632 -0.035869591 0.996891677 -0.070144959 -1.928530335 0.433313549 0.078763396 0.897794843 29.675487518
0.896702528 0.003373486 -0.442620844 -9.744604111 -0.035522096 0.997294128 -0.064362958 -1.994264364 0.441206038 0.073437244 0.894395947 30.491048813
0.893291354 0.004347465 -0.449457079 -10.178616524 -0.035171408 0.997563243 -0.060253657 -2.065211773 0.448100001 0.069632106 0.891267538 31.290084839
0.889920413 0.003456762 -0.456102848 -10.619674683 -0.033870522 0.997711122 -0.058524553 -2.128369331 0.454856664 0.067530632 0.888000548 32.113296509
0.886634529 0.003236136 -0.462459326 -11.069598198 -0.033802051 0.997754335 -0.057823893 -2.187159538 0.461233795 0.066900738 0.884752870 32.950855255
0.883527875 0.003801091 -0.468363166 -11.536182404 -0.033745058 0.997884989 -0.055558715 -2.251469135 0.467161357 0.064892620 0.881787539 33.795803070
0.880803883 0.002243113 -0.473475844 -12.016494751 -0.031908169 0.997996688 -0.054630511 -2.305039644 0.472404689 0.063226514 0.879110992 34.639408112
0.878360271 0.001310338 -0.477997333 -12.517089844 -0.031307902 0.998006701 -0.054795053 -2.366861582 0.476972729 0.063094884 0.876650512 35.504783630
0.876176834 -0.000198042 -0.481989801 -12.985246658 -0.030099442 0.998025656 -0.055125821 -2.426133633 0.481049031 0.062807597 0.874440968 36.350112915
0.874911427 0.000524138 -0.484282643 -13.496296883 -0.031245485 0.997977078 -0.055368405 -2.491602898 0.483273953 0.063574106 0.873157859 37.228439331
0.874571502 0.000520620 -0.484896243 -14.010202408 -0.030780733 0.998042226 -0.054445356 -2.557728291 0.483918607 0.062541820 0.872875333 38.107482910
0.874354064 0.000758743 -0.485287935 -14.521840096 -0.030366788 0.998124659 -0.053151958 -2.617014647 0.484337509 0.061210264 0.872737408 39.009162903
0.874158025 -0.000423919 -0.485641330 -15.051267624 -0.028590314 0.998220265 -0.052334115 -2.689159155 0.484799266 0.059632942 0.872590184 39.906486511
0.873387575 -0.002933623 -0.487016916 -15.583269119 -0.026356461 0.998231769 -0.053279150 -2.752420902 0.486311972 0.059369396 0.871766031 40.852996826
0.872388184 -0.005328881 -0.488784701 -16.111934662 -0.023758160 0.998296559 -0.053287540 -2.820740938 0.488236040 0.058100048 0.870775461 41.756687164
0.870781898 -0.005742090 -0.491635919 -16.663349152 -0.022507286 0.998418033 -0.051525816 -2.882247925 0.491154045 0.055933140 0.869275093 42.715942383
0.868893147 -0.005545762 -0.494968653 -17.219776154 -0.020785771 0.998646438 -0.047677506 -2.949228287 0.494563073 0.051714960 0.867601812 43.643466949
0.866336286 -0.005614885 -0.499429643 -17.780002594 -0.018499065 0.998889983 -0.043319549 -3.017953157 0.499118507 0.046768285 0.865270734 44.582294464
0.862257540 -0.006107420 -0.506432950 -18.348722458 -0.017305724 0.998988092 -0.041512359 -3.082617760 0.506174088 0.044558547 0.861279547 45.529136658
0.857096434 -0.009795043 -0.515062869 -18.919059753 -0.014938580 0.998926103 -0.043855477 -3.142383337 0.514939368 0.045282677 0.856029868 46.453605652
0.851399243 -0.013312902 -0.524349153 -19.498523712 -0.013402649 0.998799205 -0.047121122 -3.207474947 0.524346888 0.047146562 0.850198507 47.365001678
0.845661879 -0.013370777 -0.533551574 -20.091571808 -0.013506673 0.998829901 -0.046438262 -3.268261909 0.533548176 0.046477575 0.844491601 48.270133972
0.839908838 -0.009963881 -0.542635977 -20.697706223 -0.014819985 0.999037504 -0.041283168 -3.333483934 0.542525113 0.042715952 0.838952839 49.172603607
0.834860981 -0.005097632 -0.550437093 -21.309568405 -0.018282870 0.999148548 -0.036983244 -3.393402100 0.550157011 0.040939443 0.834057093 50.075569153
0.830953836 -0.005805622 -0.556311071 -21.929710388 -0.018770145 0.999083638 -0.038463067 -3.448653698 0.556024611 0.042403072 0.830083549 50.971939087
0.827836990 -0.007913575 -0.560912848 -22.553548813 -0.018946322 0.998935580 -0.042055763 -3.517872334 0.560648680 0.045442555 0.826805949 51.843444824
0.824951291 -0.010058489 -0.565114141 -23.185279846 -0.021630159 0.998547435 -0.049348798 -3.575338840 0.564789712 0.052933875 0.823535442 52.730010986
0.821678340 -0.011433465 -0.569836795 -23.820079803 -0.021373522 0.998477399 -0.050853536 -3.640604734 0.569550574 0.053964671 0.820182860 53.627773285
0.818931580 -0.009550076 -0.573811769 -24.469470978 -0.021232616 0.998672783 -0.046923850 -3.706366539 0.573498368 0.050610941 0.817641854 54.503200531
0.815532386 -0.007468007 -0.578663409 -25.113546371 -0.020575408 0.998910367 -0.041889247 -3.766236544 0.578345776 0.046068266 0.814490020 55.390060425
0.812410831 -0.005697305 -0.583057582 -25.762100220 -0.021078495 0.999011695 -0.039131753 -3.823853493 0.582704365 0.044081036 0.811487794 56.274291992
0.809141934 -0.005950020 -0.587583005 -26.420673370 -0.021383153 0.998988271 -0.039562080 -3.887748957 0.587223947 0.044575714 0.808196127 57.166007996
0.806248963 -0.006784591 -0.591537476 -27.083715439 -0.021911886 0.998905718 -0.041322149 -3.942028522 0.591170430 0.046277646 0.805217922 58.001098633
0.802049994 -0.010083507 -0.597171724 -27.749528885 -0.020537147 0.998800576 -0.044448238 -3.994755983 0.596903622 0.047913924 0.800881028 58.890304565
0.798198402 -0.010606017 -0.602301240 -28.421562195 -0.020374745 0.998797596 -0.044589560 -4.057388306 0.602049947 0.047863059 0.797022581 59.740165710
0.793374479 -0.010631246 -0.608641148 -29.097225189 -0.020042207 0.998849213 -0.043572456 -4.122743607 0.608403981 0.046767779 0.792248428 60.613243103
0.789020717 -0.009438116 -0.614294052 -29.788343430 -0.021310249 0.998859823 -0.042718288 -4.185750008 0.613996804 0.046796378 0.787920117 61.447265625
0.783744514 -0.011912703 -0.620968938 -30.489278793 -0.019841723 0.998825431 -0.044204377 -4.249679089 0.620766282 0.046966042 0.782587707 62.315246582
0.778371155 -0.013084925 -0.627667904 -31.192111969 -0.019315235 0.998810351 -0.044774920 -4.314934731 0.627507091 0.046975061 0.777192473 63.172416687
0.773196399 -0.013957345 -0.634013057 -31.901874542 -0.019449234 0.998765469 -0.045705985 -4.379544735 0.633868396 0.047670778 0.771970451 64.015808105
0.767924130 -0.015879685 -0.640343964 -32.644649506 -0.018455125 0.998729050 -0.046899237 -4.452294350 0.640274882 0.047832679 0.766655147 64.858222961
0.762142003 -0.017517297 -0.647172868 -33.382320404 -0.018137028 0.998663783 -0.048390292 -4.514230728 0.647155821 0.048618067 0.760805964 65.712715149
0.756246865 -0.018616516 -0.654021442 -34.149898529 -0.017134344 0.998688817 -0.048239842 -4.587705612 0.654061973 0.047687460 0.754936337 66.553062439
0.749997199 -0.018594513 -0.661179483 -34.910621643 -0.015993239 0.998802781 -0.046231218 -4.659788132 0.661247551 0.045247681 0.748802006 67.402252197
0.743929386 -0.019013371 -0.667987704 -35.694149017 -0.015615481 0.998827636 -0.045821048 -4.719900608 0.668075800 0.044518564 0.742760301 68.234909058
0.737669587 -0.020878710 -0.674839020 -36.457263947 -0.014313799 0.998813510 -0.046548568 -4.789073467 0.675010264 0.043996971 0.736495495 69.049636841
0.731151223 -0.022799248 -0.681834280 -37.254264832 -0.013790406 0.998743296 -0.048183937 -4.855895042 0.682076037 0.044632521 0.729917884 69.894950867
0.725577772 -0.022076776 -0.687785923 -38.064197540 -0.015424716 0.998712361 -0.048329245 -4.920094490 0.687967241 0.045675527 0.724302948 70.711341858
0.720426142 -0.021810310 -0.693188667 -38.894401550 -0.015225225 0.998767138 -0.047248431 -4.993762970 0.693364501 0.044592962 0.719205856 71.531448364
0.715584099 -0.021276355 -0.698202491 -39.710624695 -0.016214022 0.998760760 -0.047052953 -5.062571049 0.698338389 0.044991016 0.714352250 72.347137451
0.710993528 -0.022024047 -0.702853501 -40.558933258 -0.016544707 0.998708785 -0.048031058 -5.133497238 0.703003764 0.045778278 0.709711194 73.171730042
0.706216276 -0.023868173 -0.707593679 -41.398052216 -0.017642004 0.998527944 -0.051289484 -5.198625088 0.707776308 0.048704840 0.704755664 73.976196289
0.701242387 -0.026546882 -0.712428510 -42.249176025 -0.016686551 0.998421550 -0.053628251 -5.272685528 0.712727666 0.049494375 0.699692488 74.787895203
0.696550906 -0.027093409 -0.716995656 -43.111007690 -0.017059464 0.998378992 -0.054299157 -5.347254276 0.717304647 0.050053690 0.694959462 75.594764709
0.691896319 -0.025984744 -0.721529067 -43.969940186 -0.017567022 0.998450398 -0.052803196 -5.427703857 0.721782982 0.049209461 0.690367758 76.392143250
0.686710596 -0.026227640 -0.726457596 -44.839195251 -0.016661257 0.998518527 -0.051799640 -5.503618240 0.726739883 0.047675062 0.685256243 77.205650330
0.682095349 -0.027306922 -0.730753243 -45.742099762 -0.016443685 0.998477101 -0.052660052 -5.581342697 0.731078327 0.047935456 0.680607617 78.007385254
0.677592933 -0.028391516 -0.734888852 -46.629882812 -0.015203671 0.998500228 -0.052594125 -5.659216881 0.735279977 0.046810418 0.676145136 78.805343628
0.673604727 -0.028625557 -0.738537371 -47.547241211 -0.015156461 0.998504519 -0.052525733 -5.738801479 0.738936365 0.046575200 0.672163367 79.604927063
0.669621468 -0.029474214 -0.742117465 -48.459903717 -0.014027311 0.998532236 -0.052315082 -5.817531109 0.742570102 0.045441218 0.668225110 80.408897400
0.666256666 -0.032289602 -0.745023072 -49.365180969 -0.011857606 0.998477042 -0.053878382 -5.889173985 0.745628178 0.044731017 0.664859235 81.182922363
0.661716938 -0.036922690 -0.748844028 -50.295017242 -0.008332118 0.998362839 -0.056588225 -5.975416183 0.749707460 0.043684840 0.660326004 81.999458313
0.657024622 -0.041485634 -0.752726734 -51.216739655 -0.004236293 0.998265743 -0.058715910 -6.049059868 0.753857255 0.041766573 0.655709445 82.796043396
0.650742710 -0.044855349 -0.757972181 -52.154365540 0.001059867 0.998306274 -0.058167931 -6.140193939 0.759297431 0.037049010 0.649688125 83.585159302
0.642619073 -0.048282441 -0.764662981 -53.101299286 0.005314810 0.998269320 -0.058566302 -6.228615284 0.766167283 0.033571780 0.641763568 84.367477417
0.634334207 -0.049671508 -0.771461487 -54.065990448 0.008487672 0.998320997 -0.057299141 -6.311293602 0.773012161 0.029798897 0.633690774 85.128890991
0.625736058 -0.048134264 -0.778548300 -55.047855377 0.008547263 0.998457432 -0.054860670 -6.394666195 0.779987991 0.027673848 0.625182271 85.900360107
0.617170751 -0.047935277 -0.785367668 -56.024349213 0.008093611 0.998476386 -0.054582212 -6.480880737 0.786787510 0.027330086 0.616618514 86.646202087
0.607998490 -0.049404062 -0.792399466 -57.040973663 0.007112829 0.998360932 -0.056787636 -6.557867527 0.793906331 0.028890599 0.607353449 87.398643494
0.598024309 -0.051644910 -0.799812257 -58.049926758 0.007323951 0.998232186 -0.058980990 -6.640974522 0.801444411 0.029414287 0.597345412 88.147789001
0.589062512 -0.053261470 -0.806330204 -59.074287415 0.008007028 0.998161256 -0.060083184 -6.733551979 0.808047831 0.028936442 0.588405967 88.849273682
0.579153538 -0.053876940 -0.813436151 -60.116813660 0.010776720 0.998232484 -0.058443844 -6.824134827 0.815147281 0.025081782 0.578710556 89.587585449
0.569401026 -0.054160986 -0.820273638 -61.170318604 0.012194569 0.998273909 -0.057448991 -6.916105270 0.821969450 0.022708632 0.569078624 90.292121887
0.560072064 -0.054518200 -0.826648057 -62.238456726 0.012454009 0.998273611 -0.057399198 -7.010153770 0.828350306 0.021852605 0.559784114 90.981666565
0.549119473 -0.055703871 -0.833885431 -63.305824280 0.011882432 0.998195827 -0.058855209 -7.098300934 0.835659385 0.022409955 0.548790634 91.686859131
0.539756358 -0.055978779 -0.839957952 -64.379844666 0.010099293 0.998145461 -0.060031340 -7.187756062 0.841760695 0.023919318 0.539320648 92.354049683
0.529847860 -0.057147648 -0.846165121 -65.463455200 0.009262251 0.998057604 -0.061606251 -7.280314445 0.848042190 0.024804544 0.529347897 93.020637512
0.520734310 -0.056935474 -0.851818144 -66.591590881 0.007961044 0.998054087 -0.061843131 -7.378866196 0.853681684 0.025422474 0.520174265 93.671615601
0.513194144 -0.054052286 -0.856568754 -67.712646484 0.007218124 0.998251379 -0.058668353 -7.484377861 0.858242154 0.023925439 0.512686968 94.309387207
0.504645407 -0.053461771 -0.861669779 -68.834434509 0.007808569 0.998322606 -0.057367135 -7.566928864 0.863291383 0.022221657 0.504216313 94.958328247
0.497820586 -0.053625029 -0.865620732 -69.960479736 0.007955022 0.998326957 -0.057271205 -7.660426140 0.867243588 0.021624751 0.497414291 95.579360962
0.490103692 -0.056478273 -0.869832456 -71.078628540 0.009516770 0.998185873 -0.059450082 -7.755194664 0.871612072 0.020858716 0.489752173 96.198348999
0.483799458 -0.059865411 -0.873128891 -72.240119934 0.011850028 0.998014390 -0.061861999 -7.850835800 0.875098646 0.019582197 0.483548224 96.812065125
0.477791399 -0.062760204 -0.876228571 -73.381088257 0.012956049 0.997839689 -0.064405940 -7.947479725 0.878377795 0.019420147 0.477572352 97.422241211
0.472180814 -0.066260070 -0.879007936 -74.529243469 0.015537880 0.997641623 -0.066856183 -8.059062004 0.881364882 0.017910289 0.472096771 98.029045105
0.468232572 -0.067090526 -0.881054580 -75.696289062 0.018184204 0.997633815 -0.066303886 -8.165863991 0.883418202 0.015024364 0.468344569 98.620971680
0.464052677 -0.064456783 -0.883459389 -76.831687927 0.019582028 0.997851729 -0.062517002 -8.274117470 0.885591149 0.011711258 0.464317918 99.203735352
0.460072190 -0.062614001 -0.885671020 -77.980743408 0.022997597 0.998016059 -0.058610041 -8.377874374 0.887583733 0.006596549 0.460599333 99.798019409
0.456940114 -0.062387247 -0.887306929 -79.124893188 0.023845779 0.998037994 -0.057892874 -8.468091965 0.889177680 0.005295048 0.457531273 100.366554260
0.454596847 -0.062362336 -0.888511479 -80.263832092 0.025638929 0.998048782 -0.056932606 -8.565847397 0.890328228 0.003100897 0.455308676 100.926658630
0.452122092 -0.061031841 -0.889865518 -81.416961670 0.026550623 0.998135030 -0.054967735 -8.664470673 0.891560793 0.001225642 0.452899367 101.491050720
0.450242877 -0.059853245 -0.890897870 -82.556388855 0.028563937 0.998205602 -0.052626841 -8.759678841 0.892449200 -0.001752691 0.451144606 102.050781250
0.447880417 -0.061672989 -0.891963899 -83.717468262 0.031431861 0.998087585 -0.053227864 -8.840364456 0.893540800 -0.004196361 0.448962361 102.610580444
0.445914477 -0.062176250 -0.892913461 -84.844680786 0.033537731 0.998044550 -0.052748337 -8.924858093 0.894446969 -0.006425034 0.447127789 103.155242920
0.443589151 -0.061395038 -0.894124925 -85.964569092 0.037065107 0.998054028 -0.050142772 -9.014674187 0.895463467 -0.010898046 0.445001513 103.704711914
0.441486776 -0.061469492 -0.895159721 -87.067497253 0.038856100 0.998024464 -0.049369514 -9.088435173 0.896425962 -0.012986430 0.443003029 104.239601135
0.439936280 -0.062540993 -0.895848572 -88.177902222 0.041642122 0.997919619 -0.049217030 -9.176738739 0.897063017 -0.015652679 0.441625386 104.766815186
0.438480914 -0.063321456 -0.896507084 -89.265708923 0.042775497 0.997854769 -0.049558327 -9.263075829 0.897722006 -0.016618149 0.440248877 105.291213989
0.438326091 -0.064539641 -0.896495879 -90.334259033 0.042677145 0.997788131 -0.050965521 -9.347568512 0.897802234 -0.015920365 0.440110952 105.795463562
0.438882619 -0.065048486 -0.896186650 -91.400482178 0.041577637 0.997777939 -0.052060839 -9.429519653 0.897581935 -0.014412731 0.440612018 106.302673340
0.441163808 -0.064793028 -0.895084560 -92.439239502 0.039629929 0.997823775 -0.052697521 -9.515541077 0.896551192 -0.012223896 0.442771465 106.803337097
0.446198285 -0.065561049 -0.892529488 -93.506958008 0.038783535 0.997792602 -0.053904325 -9.598760605 0.894093335 -0.010563431 0.447756052 107.289596558
0.450675398 -0.066210218 -0.890229225 -94.523086548 0.037569702 0.997768819 -0.055188891 -9.678786278 0.891896963 -0.008573368 0.452157408 107.799530029
0.456984758 -0.065469325 -0.887061834 -95.553253174 0.036554463 0.997827291 -0.054812703 -9.769641876 0.888722956 -0.007377501 0.458385020 108.303153992
0.463843882 -0.065259822 -0.883509994 -96.572479248 0.036644321 0.997842968 -0.054466620 -9.847345352 0.885158658 -0.007111616 0.465234816 108.813446045
0.472325027 -0.063992880 -0.879098475 -97.576461792 0.035315238 0.997934163 -0.053669088 -9.926949501 0.880716681 -0.005696327 0.473609239 109.328674316
0.480477691 -0.063834332 -0.874680698 -98.556510925 0.035138171 0.997947931 -0.053528361 -10.002656937 0.876302719 -0.005015493 0.481734812 109.858879089
0.489643872 -0.063738681 -0.869589627 -99.546646118 0.034251466 0.997960806 -0.053861823 -10.077008247 0.871249557 -0.003411610 0.490828604 110.400878906
0.499248415 -0.064101875 -0.864084423 -100.517456055 0.033800621 0.997941315 -0.054502793 -10.165863037 0.865799308 -0.001996161 0.500387371 110.943008423
0.509262204 -0.065743864 -0.858096600 -101.483787537 0.032409061 0.997835577 -0.057216004 -10.243586540 0.860000968 0.001327846 0.510290742 111.504951477
0.520613670 -0.066247880 -0.851218224 -102.439483643 0.030510025 0.997791946 -0.058995042 -10.326882362 0.853247046 0.004742932 0.521485329 112.054077148
0.532668531 -0.064728349 -0.843845010 -103.385116577 0.028780978 0.997879684 -0.058376111 -10.406549454 0.845834374 0.006808429 0.533402205 112.630638123
0.545588255 -0.062574252 -0.835713923 -104.328727722 0.027418856 0.998007536 -0.056825861 -10.486904144 0.837604702 0.008089200 0.546216846 113.216064453
0.557686448 -0.060361233 -0.827853978 -105.245887756 0.026900358 0.998142779 -0.054655969 -10.569674492 0.829615653 0.008211326 0.558274448 113.817329407
0.568992436 -0.059267506 -0.820204139 -106.142715454 0.026575677 0.998203695 -0.053693566 -10.648474693 0.821913302 0.008753753 0.569545448 114.434989929
0.581194818 -0.060306970 -0.811526775 -107.049964905 0.027377592 0.998134732 -0.054567222 -10.731664658 0.813303828 0.009496537 0.581761777 115.034347534
0.591212869 -0.061558973 -0.804162920 -107.915924072 0.027434478 0.998040736 -0.056230843 -10.804437637 0.806048930 0.011182606 0.591743350 115.665824890
0.603047669 -0.062819786 -0.795227647 -108.773635864 0.029936368 0.997974277 -0.056134213 -10.895317078 0.797143221 0.010045378 0.603706837 116.277954102
0.613378942 -0.062810995 -0.787287176 -109.612686157 0.030321209 0.997970521 -0.055996250 -10.973474503 0.789206505 0.010475429 0.614038646 116.926208496
0.624010146 -0.060930435 -0.779037178 -110.446510315 0.029697452 0.998084247 -0.054274961 -11.046920776 0.780851781 0.010732707 0.624624193 117.560592651
0.633229196 -0.058315273 -0.771764219 -111.256446838 0.030919030 0.998267472 -0.050061148 -11.134386063 0.773346484 0.007837979 0.633935034 118.215988159
0.642931223 -0.056535468 -0.763834536 -112.052680969 0.029561354 0.998360753 -0.049011756 -11.205355644 0.765353143 0.008931198 0.643548369 118.873252869
0.652906001 -0.055997010 -0.755366087 -112.831726074 0.027665781 0.998361170 -0.050097652 -11.273984909 0.756933510 0.011811268 0.653385282 119.522529602
0.661850691 -0.055597909 -0.747571111 -113.588615417 0.026077943 0.998349905 -0.051160969 -11.343668938 0.749181986 0.014365804 0.662208438 120.186752319
0.670780718 -0.054914728 -0.739619851 -114.352737427 0.025714338 0.998377383 -0.050805748 -11.414319038 0.741209805 0.015060688 0.671104491 120.861938477
0.679471254 -0.053234972 -0.731768310 -115.084426880 0.025576286 0.998476624 -0.048889153 -11.478879929 0.733256221 0.014502859 0.679797769 121.526412964
0.687841892 -0.051607054 -0.724023759 -115.808006287 0.025910180 0.998579323 -0.046561513 -11.544776917 0.725398064 0.013267375 0.688201845 122.200454712
0.695776820 -0.051339585 -0.716420889 -116.523544312 0.026666172 0.998600841 -0.045663185 -11.614193916 0.717762828 0.012667184 0.696172476 122.882019043
0.703239739 -0.050454643 -0.709160209 -117.211067200 0.025417160 0.998625219 -0.045844249 -11.673770905 0.710498273 0.014214663 0.703555346 123.547981262
0.710137546 -0.049657889 -0.702309668 -117.892044067 0.025140245 0.998661935 -0.045191497 -11.735385895 0.703614056 0.014435939 0.710435688 124.231597900
0.717251599 -0.047554001 -0.695189714 -118.573059082 0.024499331 0.998772740 -0.043043576 -11.783826828 0.696383357 0.013841397 0.717536390 124.915611267
0.724535704 -0.043984417 -0.687832355 -119.247024536 0.023032593 0.998949409 -0.039617613 -11.856333733 0.688852310 0.012861809 0.724787533 125.597084045
0.731727600 -0.042239442 -0.680287063 -119.894866943 0.022237200 0.999026060 -0.038111448 -11.919307709 0.681234300 0.012759515 0.731954277 126.278366089
0.738987565 -0.041526303 -0.672438204 -120.522644043 0.021342006 0.999040723 -0.038241416 -11.966133118 0.673380971 0.013908752 0.739164710 126.950752258
0.746831179 -0.038690489 -0.663887143 -121.145042419 0.018828141 0.999136150 -0.037047897 -12.015546799 0.664747119 0.015168762 0.746914446 127.628227234
0.755428851 -0.035962798 -0.654242992 -121.740615845 0.018229777 0.999259710 -0.033878658 -12.071507454 0.654977024 0.013666214 0.755525231 128.297088623
0.764291108 -0.032249287 -0.644064486 -122.317451477 0.016509134 0.999399900 -0.030450607 -12.121079445 0.644659996 0.012640183 0.764365077 128.970474243
0.773844838 -0.029868158 -0.632670581 -122.892219543 0.014350240 0.999457896 -0.029631697 -12.164905548 0.633212626 0.013851362 0.773853898 129.659835815
0.783527255 -0.028982151 -0.620681167 -123.446174622 0.012881604 0.999454558 -0.030407328 -12.208473206 0.621223867 0.015829602 0.783473253 130.335159302
0.792867243 -0.030066382 -0.608652234 -123.982017517 0.013037608 0.999390423 -0.032384604 -12.247721672 0.609254897 0.017741334 0.792775929 131.025253296
0.802494824 -0.029061468 -0.595950902 -124.508140564 0.012676748 0.999418080 -0.031666260 -12.290320396 0.596524358 0.017857285 0.802396297 131.721450806
0.812076807 -0.027634263 -0.582895875 -125.015502930 0.012514214 0.999473035 -0.029949084 -12.333410263 0.583416402 0.017026473 0.811994731 132.423706055
0.821846128 -0.025316665 -0.569146693 -125.513397217 0.012005731 0.999559939 -0.027125975 -12.373498917 0.569582999 0.015460360 0.821788430 133.122222900
0.830976248 -0.024005234 -0.555789769 -125.997680664 0.012437731 0.999620497 -0.024578840 -12.412628174 0.556168854 0.013511671 0.830959439 133.833190918
0.839647353 -0.022860209 -0.542650700 -126.466178894 0.013326200 0.999680221 -0.021493733 -12.450023651 0.542968392 0.010815685 0.839683414 134.549621582
0.847396135 -0.022044376 -0.530503452 -126.938018799 0.013852707 0.999715567 -0.019414347 -12.484716415 0.530780494 0.009102736 0.847460449 135.282165527
0.854321361 -0.022330288 -0.519265234 -127.385131836 0.015270006 0.999723673 -0.017868759 -12.517289162 0.519520760 0.007336477 0.854426324 136.011444092
0.860502481 -0.022078373 -0.508967698 -127.827239990 0.015268171 0.999729335 -0.017553369 -12.542335510 0.509217322 0.007333710 0.860606670 136.754745483
0.866657913 -0.021309411 -0.498447537 -128.261932373 0.014609178 0.999742925 -0.017339380 -12.578159332 0.498688996 0.007745400 0.866746426 137.513442993
0.872984350 -0.019249694 -0.487368077 -128.690582275 0.012955545 0.999783576 -0.016282428 -12.609102249 0.487575978 0.007900184 0.873044848 138.262420654
0.878729582 -0.018222895 -0.476971924 -129.094696045 0.012192652 0.999801874 -0.015735179 -12.637884140 0.477164209 0.008011415 0.878777623 139.020080566
0.884489059 -0.018956827 -0.466175914 -129.530456543 0.013136282 0.999789953 -0.015732158 -12.668676376 0.466376215 0.007791101 0.884552181 139.803863525
0.889341652 -0.020146754 -0.456799150 -129.937057495 0.014087971 0.999761820 -0.016665820 -12.693211555 0.457026064 0.008386238 0.889413774 140.593963623
0.893317521 -0.020761207 -0.448946118 -130.333358765 0.014677530 0.999747276 -0.017027130 -12.721778870 0.449186146 0.008621214 0.893396556 141.373687744
0.896788836 -0.019907847 -0.442010641 -130.743621826 0.014335303 0.999770105 -0.015944265 -12.748632431 0.442226470 0.007962281 0.896868110 142.172683716
0.899789751 -0.017969340 -0.435953408 -131.126266479 0.013719736 0.999822676 -0.012894213 -12.774250984 0.436107844 0.005620914 0.899876773 142.959426880
0.902731121 -0.014027601 -0.429976374 -131.535766602 0.011446817 0.999897540 -0.008588306 -12.794162750 0.430052787 0.002831069 0.902799249 143.795272827
0.905879796 -0.011463210 -0.423379570 -131.916259766 0.009909997 0.999933660 -0.005869870 -12.818436623 0.423418730 0.001121706 0.905933380 144.597305298
0.908901811 -0.009014621 -0.416912675 -132.310699463 0.008209516 0.999959350 -0.003724064 -12.831984520 0.416929275 -0.000037842 0.908938944 145.439361572
0.912087560 -0.007423603 -0.409928143 -132.709136963 0.007469135 0.999970973 -0.001490218 -12.845593452 0.409927309 -0.001702599 0.912116587 146.293792725
0.915175498 -0.006132774 -0.403008908 -133.106109619 0.007221308 0.999973238 0.001181496 -12.853577614 0.402990848 -0.003991528 0.915195227 147.169525146
0.918381333 -0.006400831 -0.395644665 -133.496063232 0.008332306 0.999960244 0.003163586 -12.865333557 0.395608723 -0.006202011 0.918398142 148.059570312
0.921728134 -0.006533867 -0.387781233 -133.883453369 0.008915491 0.999950945 0.004342955 -12.876257896 0.387733787 -0.007460285 0.921741068 148.963470459
0.925192118 -0.007016863 -0.379434168 -134.267105103 0.009389649 0.999946296 0.004403252 -12.882690430 0.379382879 -0.007636609 0.925208151 149.882278442
0.928786457 -0.009352810 -0.370497406 -134.630859375 0.011706818 0.999923050 0.004105409 -12.895440102 0.370430440 -0.008150394 0.928824425 150.795883179
0.932476282 -0.011130855 -0.361059517 -135.021484375 0.012935948 0.999912977 0.002582892 -12.900718689 0.360999346 -0.007079134 0.932539105 151.770919800
0.936768889 -0.011919322 -0.349745810 -135.386657715 0.013087253 0.999913871 0.000976232 -12.914347649 0.349704027 -0.005491715 0.936844110 152.712127686
0.941520154 -0.009449309 -0.336824089 -135.702270508 0.010042107 0.999949515 0.000017852 -12.927098274 0.336806953 -0.003399231 0.941567600 153.633010864
0.947333574 -0.006192686 -0.320188701 -136.057754517 0.007008343 0.999974430 0.001395152 -12.938350677 0.320171893 -0.003565667 0.947352767 154.630401611
0.953317702 -0.002735660 -0.301956505 -136.369201660 0.004156381 0.999983132 0.004062634 -12.950561523 0.301940262 -0.005128028 0.953313053 155.590606689
0.959133089 0.000584080 -0.282954812 -136.679229736 0.001182936 0.999980867 0.006073981 -12.964567184 0.282952935 -0.006160473 0.959114015 156.629806519
0.965086639 0.001899945 -0.261924058 -136.981704712 -0.000104320 0.999976397 0.006869250 -12.972819328 0.261930943 -0.006602099 0.965064049 157.684265137
0.970562518 0.003283389 -0.240826860 -137.259017944 -0.001223284 0.999961376 0.008703297 -12.982519150 0.240846157 -0.008152495 0.970529020 158.755828857
0.975603700 0.004055136 -0.219501793 -137.513275146 -0.001585468 0.999933481 0.011426226 -12.985604286 0.219533488 -0.010799455 0.975545168 159.847610474
0.980294883 0.006305801 -0.197438821 -137.759094238 -0.003398506 0.999880791 0.015060419 -12.991453171 0.197510228 -0.014092656 0.980199456 160.958374023
0.984452128 0.008524400 -0.175446346 -137.969024658 -0.005227019 0.999801040 0.019247795 -12.990186691 0.175575539 -0.018031474 0.984300792 162.071716309
0.988125682 0.010531126 -0.153286114 -138.162582397 -0.007097002 0.999711812 0.022933319 -12.994693756 0.153483436 -0.021573128 0.987915695 163.216796875
0.991255283 0.012252361 -0.131387994 -138.331863403 -0.009323516 0.999694765 0.022883613 -12.986937523 0.131628260 -0.021458508 0.991066813 164.378341675
0.993878484 0.011881094 -0.109836861 -138.474731445 -0.009626774 0.999732554 0.021031827 -12.976917267 0.110057339 -0.019845709 0.993727088 165.560974121
0.995962739 0.011964932 -0.088967822 -138.604156494 -0.010210945 0.999744952 0.020143911 -12.966089249 0.089186147 -0.019154139 0.995830774 166.762283325
0.997553051 0.010775660 -0.069078356 -138.701080322 -0.009268118 0.999712646 0.022107160 -12.955627441 0.069296733 -0.021412836 0.997366190 167.995071411
0.998729169 0.011250047 -0.049129982 -138.779464722 -0.010082768 0.999662459 0.023942538 -12.946012497 0.049382754 -0.023416739 0.998505294 169.228668213
0.999505937 0.011567014 -0.029224720 -138.828811646 -0.010839554 0.999630451 0.024928924 -12.934143066 0.029502265 -0.024599824 0.999261975 170.474868774
0.999871492 0.013093448 -0.009246383 -138.858062744 -0.012853244 0.999590218 0.025576703 -12.918053627 0.009577481 -0.025454570 0.999630034 171.744186401
0.999844611 0.013569883 0.011252208 -138.865341187 -0.013862653 0.999556303 0.026362536 -12.907099724 -0.010889478 -0.026514422 0.999589145 173.015472412
0.999377668 0.015846476 0.031514466 -138.844589233 -0.016663713 0.999527156 0.025840811 -12.890028000 -0.031090081 -0.026349878 0.999169171 174.297119141
0.998553038 0.016837528 0.051072229 -138.794662476 -0.018122753 0.999527991 0.024806932 -12.877147675 -0.050630435 -0.025696605 0.998386800 175.595947266
0.997379422 0.017120270 0.070293978 -138.717041016 -0.018759003 0.999565899 0.022718884 -12.869216919 -0.069874510 -0.023977987 0.997267544 176.906082153
0.995860100 0.019248694 0.088837929 -138.615219116 -0.021126041 0.999572039 0.020240514 -12.864334106 -0.088410281 -0.022033514 0.995840430 178.203521729
0.994002342 0.019572092 0.107592314 -138.490646362 -0.021714155 0.999587953 0.018773628 -12.858687401 -0.107180521 -0.020997310 0.994017780 179.532623291
0.991786718 0.019757960 0.126367092 -138.342559814 -0.021906232 0.999637783 0.015633097 -12.853849411 -0.126012430 -0.018272927 0.991860330 180.870407104
0.989243269 0.020878885 0.144782200 -138.168228149 -0.022619843 0.999690115 0.010388772 -12.852972984 -0.144520447 -0.013551973 0.989409149 182.209060669
0.986403823 0.022801485 0.162749931 -137.976547241 -0.023768047 0.999709547 0.003994049 -12.862489700 -0.162611574 -0.007807992 0.986659408 183.543838501
0.983396411 0.024768822 0.179772004 -137.746810913 -0.025012325 0.999686837 -0.000912441 -12.878043175 -0.179738298 -0.003599226 0.983707845 184.918685913
0.980050862 0.026709123 0.196944118 -137.496490479 -0.026279254 0.999643147 -0.004796207 -12.898677826 -0.197001949 -0.000475017 0.980403006 186.298461914
0.976212382 0.029010408 0.214866593 -137.229995728 -0.028052276 0.999578238 -0.007507847 -12.925312042 -0.214993760 0.001301756 0.976614535 187.672103882
0.972403705 0.028116461 0.231604084 -136.921493530 -0.027138138 0.999604225 -0.007409652 -12.952853203 -0.231720790 0.000919867 0.972781837 189.053802490
0.968201101 0.027573774 0.248649016 -136.599258423 -0.026399978 0.999619007 -0.008054662 -12.982251167 -0.248776391 0.001234206 0.968560100 190.427673340
0.963740349 0.027662167 0.265404075 -136.246917725 -0.025109053 0.999599993 -0.013008447 -13.017961502 -0.265657783 0.005872722 0.964049459 191.828414917
0.959128022 0.028813437 0.281501800 -135.869323730 -0.024950124 0.999539018 -0.017299337 -13.054182053 -0.281870484 0.009568775 0.959404767 193.211853027
0.954009473 0.031109633 0.298157901 -135.463729858 -0.027148264 0.999479651 -0.017419416 -13.096077919 -0.298544675 0.008523817 0.954357624 194.622161865
0.948343039 0.033846289 0.315435916 -135.036422729 -0.029753342 0.999399185 -0.017783551 -13.143985748 -0.315848351 0.007479630 0.948780179 196.005203247
0.942146659 0.037699800 0.333074182 -134.597106934 -0.032650169 0.999251485 -0.020747136 -13.189705849 -0.333607078 0.008671917 0.942672312 197.403656006
0.935762167 0.038538132 0.350519598 -134.117156982 -0.031904012 0.999185979 -0.024683928 -13.242015839 -0.351185590 0.011915306 0.936230063 198.792129517
0.929282129 0.039585941 0.367242962 -133.599639893 -0.031922471 0.999127746 -0.026920646 -13.300819397 -0.367988378 0.013293572 0.929735303 200.175888062
0.922300339 0.039872024 0.384411693 -133.051040649 -0.029966809 0.999047279 -0.031725481 -13.371583939 -0.385310441 0.017740833 0.922616482 201.575042725
0.914076686 0.043266121 0.403226793 -132.491058350 -0.030631272 0.998818338 -0.037734743 -13.438337326 -0.404382855 0.022141097 0.914321721 202.974243164
0.904344678 0.046754416 0.424234241 -131.883193970 -0.032316238 0.998629451 -0.041169044 -13.518333435 -0.425577551 0.023521345 0.904616177 204.361602783
0.892896771 0.049749870 0.447504520 -131.254928589 -0.034410905 0.998510361 -0.042346746 -13.602300644 -0.448944569 0.022412231 0.893278480 205.725891113
