1.000000000 0.000000000 0.000000000 0.000000000 0.000000000 1.000000000 0.000000000 0.000000000 0.000000000 0.000000000 1.000000000 0.000000000
0.999877095 0.001407190 0.015616000 0.010957244 -0.001392676 0.999998569 -0.000940220 -0.002921271 -0.015617301 0.000918357 0.999877632 0.126448005
0.999308586 0.004361796 0.036923133 0.026452728 -0.004345953 0.999990344 -0.000509292 -0.003913841 -0.036924995 0.000348473 0.999318123 0.272160262
0.997938514 0.005901537 0.063905634 0.053849220 -0.005975011 0.999981642 0.000958662 -0.006392092 -0.063898802 -0.001338523 0.997955501 0.430989385
0.995231569 0.005703197 0.097372919 0.100144893 -0.006038945 0.999976814 0.003153693 -0.007036065 -0.097352669 -0.003726684 0.995242953 0.603591263
0.990852714 0.002436302 0.134925768 0.159643039 -0.003155864 0.999981940 0.005119391 -0.008228654 -0.134910867 -0.005498370 0.990842521 0.784078836
0.984782457 -0.000804313 0.173789650 0.232675508 -0.000151551 0.999984920 0.005486780 -0.010468976 -0.173791423 -0.005429623 0.984767497 0.967654228
0.976207614 -0.001150323 0.216835096 0.314163625 -0.000282937 0.999978304 0.006578746 -0.008446706 -0.216837972 -0.006483572 0.976186037 1.168246627
0.964492023 -0.001129934 0.264109612 0.402939171 -0.001441484 0.999953449 0.009542177 -0.009799240 -0.264108092 -0.009584066 0.964445472 1.364452004
0.950413167 -0.004984368 0.310950130 0.516951859 -0.000184352 0.999862313 0.016590737 -0.014226576 -0.310990036 -0.015825378 0.950281322 1.573556185
0.933944404 -0.014978996 0.357104301 0.659582973 0.006617062 0.999674857 0.024626289 -0.022257846 -0.357357055 -0.020636607 0.933739841 1.780896902
0.913178086 -0.019756675 0.407081604 0.808952153 0.008758541 0.999544978 0.028862957 -0.018915318 -0.407466620 -0.022791578 0.912935615 1.996120811
0.888527572 -0.020839650 0.458349496 0.965479136 0.006499233 0.999439359 0.032842234 -0.017263174 -0.458777010 -0.026202312 0.888164937 2.205694914
0.860904574 -0.023473216 0.508224607 1.128536105 0.005061266 0.999280751 0.037579980 -0.020329311 -0.508741260 -0.029780516 0.860404253 2.402308702
0.829436302 -0.028224757 0.557887673 1.324897528 0.005880372 0.999108434 0.041804478 -0.016069546 -0.558570147 -0.031393573 0.828862906 2.609842777
0.794021130 -0.033773720 0.606951118 1.532156229 0.007790255 0.998938859 0.045394499 -0.017219946 -0.607840240 -0.031315882 0.793441534 2.816035986
0.756656528 -0.037670061 0.652726352 1.762680888 0.008312429 0.998812318 0.048007369 -0.011118501 -0.653759718 -0.030899351 0.756071150 3.021032095
0.717335165 -0.041179061 0.695510268 2.023353100 0.009609503 0.998741627 0.049221426 -0.002815112 -0.696662009 -0.028624758 0.716828227 3.227533579
0.675714612 -0.042235877 0.735952377 2.299555302 0.007783735 0.998710513 0.050168779 0.016722575 -0.737122238 -0.028171320 0.675171971 3.450016260
0.633321583 -0.042313103 0.772731066 2.597242355 0.002803156 0.998623013 0.052385025 0.025134340 -0.773883700 -0.031010482 0.632568181 3.662343502
0.592706561 -0.043054700 0.804266870 2.934814930 -0.000257639 0.998559952 0.053645633 0.039691627 -0.805418432 -0.032003324 0.591841996 3.877049685
0.552451909 -0.044306144 0.832366347 3.299526930 -0.002083840 0.998509705 0.054532889 0.057772413 -0.833542109 -0.031861313 0.551536322 4.097148895
0.515164971 -0.046604261 0.855823040 3.688165188 -0.003785667 0.998387098 0.056646451 0.066686451 -0.857082665 -0.032422129 0.514157653 4.296083450
0.478295982 -0.045942374 0.876996160 4.108674526 -0.007233371 0.998390675 0.056246679 0.088415027 -0.878168941 -0.033246201 0.477193922 4.509259224
0.442662209 -0.045241319 0.895546436 4.568698883 -0.008287922 0.998477280 0.054537855 0.107553840 -0.896650195 -0.031564064 0.441613257 4.707009315
0.409547895 -0.044235419 0.911215544 5.044573784 -0.007161524 0.998637021 0.051698111 0.126165971 -0.912260473 -0.027698539 0.408672988 4.906605721
0.380430341 -0.042306960 0.923841476 5.561354637 -0.005220549 0.998838902 0.047891226 0.152105197 -0.924794853 -0.023042232 0.379767746 5.097696304
0.355930507 -0.040785059 0.933622003 6.105867386 -0.004013265 0.998971224 0.045169823 0.175255328 -0.934503794 -0.019824196 0.355400622 5.281487942
0.335846364 -0.040390741 0.941050351 6.681934834 -0.002737211 0.999034107 0.043856323 0.198879123 -0.941912770 -0.017304838 0.335411429 5.488601685
0.321604788 -0.040511429 0.946006954 7.285561562 -0.001807603 0.999056220 0.043397706 0.229071438 -0.946872234 -0.015666913 0.321228117 5.683084488
0.310643911 -0.042049117 0.949595809 7.918602943 -0.001326384 0.999000907 0.044670720 0.249863252 -0.950525403 -0.015136219 0.310277700 5.880727291
0.299544334 -0.043950532 0.953069568 8.586577415 -0.002106425 0.998905480 0.046726290 0.276239127 -0.954080045 -0.016004164 0.299123853 6.103195190
0.288999349 -0.045991633 0.956224024 9.265336990 -0.003561634 0.998786747 0.049115222 0.296094149 -0.957322717 -0.017599985 0.288484871 6.314215660
0.279156357 -0.047293380 0.959080398 9.969972610 -0.004619493 0.998708665 0.050592095 0.330121279 -0.960234523 -0.018553568 0.278577387 6.519632339
0.269515306 -0.049479321 0.961724162 10.699902534 -0.005406816 0.998585582 0.052891016 0.357982457 -0.962980926 -0.019454803 0.268866569 6.728035927
0.259545803 -0.050714578 0.964398265 11.496442795 -0.005939835 0.998517454 0.054107368 0.387820303 -0.965712547 -0.019771712 0.258859783 6.945990562
0.249604896 -0.051871765 0.966957450 12.262022972 -0.005944083 0.998463333 0.055096246 0.423504442 -0.968329549 -0.019499969 0.248913065 7.142346382
0.239696324 -0.055339895 0.969269395 13.053446770 -0.007122407 0.998247027 0.058755696 0.451503545 -0.970821857 -0.020987060 0.238881961 7.339564800
0.228522167 -0.058608059 0.971772909 13.841053963 -0.008927256 0.998018205 0.062290248 0.487929970 -0.973497868 -0.022909969 0.227546051 7.533529758
0.216327891 -0.061970856 0.974352002 14.657883644 -0.010833664 0.997769833 0.065865576 0.526251137 -0.976260662 -0.024804367 0.215174049 7.723461151
0.203275487 -0.063542962 0.977057517 15.460978508 -0.011647308 0.997664392 0.067306347 0.571831822 -0.979052365 -0.025061818 0.202060625 7.896823883
0.190296263 -0.064189442 0.979625940 16.276283264 -0.011951842 0.997634768 0.067691155 0.609367251 -0.981653988 -0.024589706 0.189078987 8.050096512
0.175682932 -0.063355364 0.982406020 17.090400696 -0.013531266 0.997677386 0.066759989 0.641318440 -0.984353840 -0.025021788 0.174417555 8.211083412
0.159217820 -0.062568374 0.985258818 17.948751450 -0.013520885 0.997757971 0.065547086 0.688493133 -0.987150848 -0.023757836 0.158014834 8.353761673
0.139091238 -0.060824383 0.988409877 18.776805878 -0.016012644 0.997843206 0.063658230 0.727651000 -0.990150094 -0.024681356 0.137817323 8.475180626
0.114181764 -0.059598491 0.991670609 19.601692200 -0.020794554 0.997836828 0.062363379 0.762001812 -0.993242204 -0.027742105 0.112695426 8.573067665
0.083859913 -0.058865875 0.994737327 20.441438675 -0.024077415 0.997842431 0.061079435 0.795209765 -0.996186733 -0.029072814 0.082261629 8.652935028
0.050982166 -0.058707952 0.996972501 21.296598434 -0.026892237 0.997828007 0.060133509 0.832091630 -0.998337448 -0.029876558 0.049292654 8.707007408
0.016906712 -0.058253665 0.998158753 22.148618698 -0.028522249 0.997866929 0.058719758 0.861512423 -0.999450147 -0.029462485 0.015209131 8.721925735
-0.016158372 -0.057024065 0.998242080 22.987855911 -0.028828233 0.997983873 0.056542683 0.890223742 -0.999453783 -0.027863914 -0.017769691 8.703094482
-0.048197500 -0.054866098 0.997329831 23.865133286 -0.030560832 0.998103678 0.053431772 0.923440695 -0.998370171 -0.027903952 -0.049782850 8.655700684
-0.080855899 -0.052514065 0.995341361 24.721181870 -0.034244262 0.998167932 0.049881373 0.944147825 -0.996137381 -0.030051529 -0.082506061 8.605053902
-0.112906680 -0.048222434 0.992434680 25.575000763 -0.031496782 0.998493254 0.044933517 0.965255618 -0.993106306 -0.026185203 -0.114255399 8.500520706
-0.144180253 -0.042130444 0.988654137 26.424320221 -0.026160304 0.998906314 0.038752250 0.987737060 -0.989205658 -0.020276180 -0.145124704 8.367024422
-0.173723221 -0.036396507 0.984121621 27.264806747 -0.019509567 0.999247849 0.033511985 0.996010900 -0.984601259 -0.013377978 -0.174302623 8.205350876
-0.202360883 -0.030746158 0.978828192 28.104816437 -0.013317022 0.999500990 0.028642379 1.004431486 -0.979220510 -0.007238980 -0.202669337 8.018686295
-0.229726315 -0.025170404 0.972929776 28.942102432 -0.004700403 0.999682546 0.024752673 1.007101774 -0.973243952 0.001113178 -0.229771703 7.802716255
-0.255644411 -0.015412509 0.966648042 29.743314743 0.000582904 0.999870300 0.016096370 0.998914599 -0.966770709 0.004678410 -0.255602270 7.583082199
-0.280916661 0.000016735 0.959732294 30.551872253 0.005422854 0.999983966 0.001569849 0.987085164 -0.959716856 0.005645487 -0.280912250 7.338604927
-0.305630028 0.016610160 0.952005386 31.344251633 0.004871911 0.999862015 -0.015881075 0.966452777 -0.952137887 -0.000215647 -0.305668682 7.086321831
-0.330689967 0.031402901 0.943216860 32.131263733 0.005511787 0.999493480 -0.031344131 0.936615288 -0.943723440 -0.005166376 -0.330695510 6.808720589
-0.354799062 0.041815780 0.934006929 32.919692993 0.008758685 0.999104142 -0.041403063 0.895839691 -0.934901536 -0.006509096 -0.354847431 6.505774498
-0.378219545 0.046265714 0.924559057 33.698554993 0.012133263 0.998912334 -0.045022923 0.848076344 -0.925636351 -0.005810635 -0.378369600 6.180927277
-0.400879711 0.045508407 0.914999723 34.463222504 0.015125568 0.998958051 -0.043057349 0.794316053 -0.916005969 -0.003420931 -0.401150376 5.849740028
-0.421006739 0.041057561 0.906127870 35.219326019 0.018208472 0.999156237 -0.036812730 0.743217945 -0.906874776 0.001000796 -0.421399117 5.490721703
-0.438782036 0.039716747 0.897715509 35.958007812 0.026051629 0.999165058 -0.031471658 0.695638239 -0.898215830 0.009577747 -0.439450443 5.122364044
-0.452544034 0.039845482 0.890851438 36.682449341 0.027512303 0.999149501 -0.030713385 0.651565135 -0.891317546 0.010610215 -0.453255415 4.752580643
-0.463325500 0.044082057 0.885091066 37.409656525 0.032278825 0.998938739 -0.032855008 0.603613377 -0.885600090 0.013347139 -0.464256853 4.366205215
-0.473189980 0.046442073 0.879735410 38.124259949 0.032884303 0.998844683 -0.035042234 0.559194565 -0.880346417 0.012347855 -0.474170566 3.982684135
-0.484219790 0.046006847 0.873736024 38.837673187 0.026572224 0.998929203 -0.037872758 0.512911201 -0.874542832 0.004878367 -0.484923750 3.607128143
-0.495306879 0.044445787 0.867580414 39.546348572 0.025691964 0.999002934 -0.036510814 0.466678858 -0.868338048 0.004205784 -0.495954961 3.214729309
-0.504197240 0.045779549 0.862374306 40.244220734 0.027583698 0.998938143 -0.036901977 0.425117850 -0.863147914 0.005181595 -0.504924595 2.815086365
-0.511266589 0.048587408 0.858047545 40.953460693 0.030959953 0.998793840 -0.038109794 0.372233272 -0.858864367 0.007080848 -0.512154102 2.386325836
-0.514585972 0.051529076 0.855888903 41.674606323 0.032466091 0.998647690 -0.040604331 0.325078011 -0.856823921 0.006892955 -0.515563011 1.954431534
-0.514770329 0.053569384 0.855652750 42.413005829 0.031516440 0.998553813 -0.043555263 0.283704162 -0.856748700 0.004546171 -0.515714169 1.531133652
-0.511303902 0.053863753 0.857710421 43.157310486 0.034147587 0.998519063 -0.042350195 0.234493494 -0.858721197 0.007634922 -0.512385964 1.093162537
-0.505292773 0.052611228 0.861342728 43.927639008 0.032362267 0.998592913 -0.042009745 0.182222724 -0.862340868 0.006647782 -0.506284416 0.652463913
-0.498333812 0.051580202 0.865449488 44.720100403 0.030380942 0.998654544 -0.042025499 0.135291815 -0.866452754 0.005350444 -0.499230325 0.209817886
-0.490862727 0.051253725 0.869728029 45.527191162 0.029030723 0.998675942 -0.042468172 0.084640622 -0.870753109 0.004402794 -0.491700739 -0.235839844
-0.484689116 0.049752004 0.873270512 46.350196838 0.025596827 0.998760164 -0.042694476 0.036442757 -0.874311864 0.001659408 -0.485361665 -0.672674179
-0.480388075 0.047365274 0.875776172 47.190601349 0.021277670 0.998876214 -0.042351574 -0.019725680 -0.876797915 -0.001710718 -0.480856001 -1.113582611
-0.479094207 0.044442382 0.876637697 48.026500702 0.016510233 0.998996973 -0.041622497 -0.071836352 -0.877608240 -0.005467603 -0.479347378 -1.548458099
-0.479399413 0.042300873 0.876576781 48.898448944 0.013281260 0.999072969 -0.040948641 -0.120681882 -0.877496421 -0.007988708 -0.479516774 -2.008710861
-0.480610400 0.041087758 0.875971079 49.771293640 0.012508557 0.999121308 -0.040001214 -0.178587675 -0.876845002 -0.008267862 -0.480701983 -2.465803146
-0.481065780 0.040291879 0.875758111 50.660736084 0.011515981 0.999147534 -0.039642885 -0.226563573 -0.876608908 -0.008985626 -0.481119663 -2.938877106
-0.481240392 0.039707828 0.875688851 51.567840576 0.012147875 0.999179661 -0.038631536 -0.285309553 -0.876504481 -0.007953297 -0.481328011 -3.427709579
-0.481196314 0.038973462 0.875746071 52.483577728 0.012713881 0.999216378 -0.037482373 -0.341721892 -0.876520693 -0.006902250 -0.481314689 -3.920282364
-0.481280446 0.038706291 0.875711620 53.403545380 0.012569711 0.999226630 -0.037257466 -0.398057580 -0.876476526 -0.006923848 -0.481394798 -4.412868500
-0.481426746 0.037175771 0.875697553 54.334724426 0.010482431 0.999272764 -0.036659025 -0.452882886 -0.876423538 -0.008469192 -0.481466413 -4.912309647
-0.481769204 0.036419779 0.875540972 55.259101868 0.009737363 0.999296725 -0.036209617 -0.509804368 -0.876244009 -0.008919216 -0.481785029 -5.402034760
-0.480849564 0.035716094 0.876075387 56.177684784 0.008684092 0.999315023 -0.035973936 -0.567951918 -0.876760125 -0.009690134 -0.480830342 -5.896856308
-0.479525506 0.034318525 0.876856625 57.101551056 0.008537718 0.999370158 -0.034444455 -0.625049829 -0.877486408 -0.009030646 -0.479516476 -6.390567780
-0.477469146 0.032261718 0.878056049 58.021263123 0.008703160 0.999450266 -0.031989422 -0.680172920 -0.878605425 -0.007632094 -0.477487475 -6.878538132
-0.475136817 0.030705506 0.879375994 58.939716339 0.009007496 0.999508321 -0.030033359 -0.735254765 -0.879865825 -0.006348978 -0.475179762 -7.359415054
-0.472533971 0.030549102 0.880782843 59.855384827 0.009546319 0.999517798 -0.029545775 -0.788383722 -0.881260753 -0.005553149 -0.472597778 -7.838376999
-0.470300823 0.030721566 0.881971419 60.780334473 0.009763631 0.999513805 -0.029609572 -0.842591584 -0.882452071 -0.005314163 -0.470372170 -8.323648453
-0.469459355 0.031148665 0.882404447 61.698547363 0.009801113 0.999499798 -0.030067684 -0.896262586 -0.882899642 -0.005467010 -0.469529867 -8.799484253
-0.470372200 0.032675657 0.881862938 62.605567932 0.008843754 0.999438524 -0.032315064 -0.948287129 -0.882423818 -0.007401130 -0.470397115 -9.266851425
-0.473336071 0.034675267 0.880199194 63.509662628 0.007551981 0.999347866 -0.035307951 -1.000914454 -0.880849600 -0.010065282 -0.473289311 -9.739570618
-0.477660537 0.035082262 0.877843738 64.414421082 0.006307243 0.999313593 -0.036504742 -1.060523868 -0.878521860 -0.011900101 -0.477553964 -10.218225479
-0.483130902 0.033643551 0.874901474 65.307899475 0.007641539 0.999385476 -0.034210727 -1.117331028 -0.875514865 -0.009842666 -0.483091056 -10.699680328
-0.488496304 0.030945497 0.872016966 66.193321228 0.008443346 0.999491751 -0.030739333 -1.176307440 -0.872525215 -0.007653308 -0.488509238 -11.190034866
-0.493799984 0.029188780 0.869085491 67.102844238 0.006310488 0.999530435 -0.029984342 -1.223057270 -0.869552612 -0.009321916 -0.493752331 -11.684877396
-0.499281555 0.032685935 0.865823090 67.983245850 0.008861424 0.999428511 -0.032619737 -1.275582790 -0.866394520 -0.008614008 -0.499285877 -12.174665451
-0.504173040 0.034111898 0.862928689 68.850883484 0.008687109 0.999369323 -0.034429941 -1.327691793 -0.863558829 -0.009862293 -0.504151464 -12.671621323
-0.509456217 0.035154469 0.859778285 69.708786011 0.007578689 0.999309719 -0.036368910 -1.382077813 -0.860463202 -0.012012375 -0.509370983 -13.155168533
-0.512495399 0.035108846 0.857971966 70.557319641 0.006586849 0.999295115 -0.036957342 -1.439576864 -0.858664691 -0.013289141 -0.512365401 -13.659433365
-0.516012847 0.034627363 0.855880737 71.411941528 0.007432004 0.999325931 -0.035950128 -1.493260741 -0.856548548 -0.012189819 -0.515922427 -14.156648636
-0.518163323 0.027801363 0.854829729 72.267471313 0.008427041 0.999588966 -0.027401192 -1.540835142 -0.855240166 -0.006994609 -0.518184602 -14.671924591
-0.520280838 0.018903352 0.853785992 73.119834900 0.007491781 0.999817431 -0.017571233 -1.586526275 -0.853962302 -0.002745599 -0.520327508 -15.179498672
-0.521842241 0.017482270 0.852862895 73.966651917 0.008429630 0.999846816 -0.015337350 -1.628936291 -0.853000343 -0.000814359 -0.521909654 -15.684631348
-0.523291886 0.022141777 0.851865768 74.807250977 0.009035232 0.999750316 -0.020435359 -1.670867682 -0.852105558 -0.002996853 -0.523361206 -16.181968689
-0.524751008 0.028562997 0.850776434 75.615913391 0.010662268 0.999579072 -0.026982343 -1.705448866 -0.851189017 -0.005087804 -0.524834633 -16.664525986
-0.525296628 0.032109674 0.850313187 76.440437317 0.016053023 0.999483824 -0.027825637 -1.749046206 -0.850767791 -0.000966615 -0.525540948 -17.170314789
-0.525024295 0.033500314 0.850427687 77.271202087 0.019805575 0.999435365 -0.027142800 -1.796693325 -0.850856781 0.002592579 -0.525391281 -17.682756424
-0.524557173 0.030372906 0.850833356 78.118255615 0.017601214 0.999536753 -0.024829770 -1.826291084 -0.851193368 0.001951065 -0.524848640 -18.196128845
-0.523791790 0.025463764 0.851465523 78.939300537 0.015823079 0.999671519 -0.020162173 -1.861263156 -0.851699233 0.002912028 -0.524022639 -18.690713882
-0.523416042 0.018924778 0.851867139 79.766387939 0.012620456 0.999815881 -0.014457120 -1.897272706 -0.851983786 0.003183865 -0.523558438 -19.176338196
-0.523346007 0.013236155 0.852017522 80.597152710 0.004304935 0.999907792 -0.012889366 -1.939134836 -0.852109373 -0.003077716 -0.523354650 -19.646909714
-0.521314383 0.008226143 0.853325129 81.436386108 -0.003499835 0.999924541 -0.011777501 -1.964457154 -0.853357553 -0.009126280 -0.521246195 -20.145496368
-0.518877745 0.009090288 0.854800105 82.264144897 -0.000594058 0.999939382 -0.010994360 -1.990584493 -0.854848266 -0.006212531 -0.518840909 -20.649314880
-0.516192079 0.012137175 0.856386781 83.082801819 0.003416271 0.999920845 -0.012112238 -2.025834084 -0.856466055 -0.003326592 -0.516192675 -21.132324219
-0.511087060 0.015544472 0.859388351 83.906524658 0.005790644 0.999876022 -0.014641835 -2.052681208 -0.859509408 -0.002506842 -0.511113763 -21.604587555
-0.502748191 0.017720969 0.864251196 84.747894287 0.010947536 0.999840140 -0.014132794 -2.086968422 -0.864363492 0.002356186 -0.502861917 -22.101982117
-0.494229645 0.021116307 0.869074881 85.574844360 0.018839536 0.999730349 -0.013577144 -2.118049622 -0.869127154 0.009662742 -0.494494200 -22.577556610
-0.484448642 0.020052949 0.874589801 86.413650513 0.015995510 0.999773204 -0.014063044 -2.147021294 -0.874673426 0.007176691 -0.484659493 -23.029479980
-0.473658919 0.017752418 0.880529463 87.249046326 0.014447532 0.999818861 -0.012385732 -2.177415133 -0.880589843 0.006854865 -0.473829597 -23.459705353
-0.462581396 0.014573332 0.886457026 88.096000671 0.013549396 0.999864340 -0.009367241 -2.201181889 -0.886473358 0.007677848 -0.462716043 -23.880466461
-0.451190919 0.013379695 0.892327130 88.931907654 0.013457117 0.999875903 -0.008187927 -2.236707926 -0.892325997 0.008313835 -0.451314986 -24.297355652
-0.439727396 0.012919538 0.898038387 89.782043457 0.014081501 0.999872863 -0.007489516 -2.256561756 -0.898020864 0.009352387 -0.439853370 -24.694416046
-0.428244740 0.013763558 0.903557897 90.629936218 0.015098591 0.999853432 -0.008074354 -2.283473253 -0.903536677 0.010184656 -0.428389728 -25.077331543
-0.415750951 0.017388299 0.909312248 91.494392395 0.014722794 0.999814868 -0.012387453 -2.318354368 -0.909359336 0.008237521 -0.415929943 -25.470359802
-0.404443234 0.026438128 0.914180875 92.346527100 0.017268660 0.999624491 -0.021269325 -2.348312378 -0.914400041 0.007184442 -0.404747993 -25.835191727
-0.391152203 0.031165369 0.919798195 93.206184387 0.016504006 0.999503255 -0.026847530 -2.378041983 -0.920177996 0.004678885 -0.391472250 -26.196273804
-0.379941463 0.026958721 0.924617589 94.088607788 0.013814665 0.999629080 -0.023469117 -2.420511484 -0.924907267 0.003856391 -0.380172998 -26.549449921
-0.368911862 0.023102896 0.929177225 94.947196960 0.011088338 0.999729276 -0.020454684 -2.455204487 -0.929398239 0.002757057 -0.369068235 -26.867290497
-0.359311461 0.024351722 0.932899952 95.809547424 0.008370633 0.999703467 -0.022871517 -2.494387627 -0.933180153 -0.000409034 -0.359408736 -27.180412292
-0.352384806 0.028349573 0.935425818 96.683906555 0.003860873 0.999576569 -0.028839340 -2.541681290 -0.935847163 -0.006550984 -0.352345079 -27.489707947
-0.347263873 0.033022936 0.937185943 97.542930603 -0.003533094 0.999326527 -0.036521703 -2.582378149 -0.937760830 -0.015993830 -0.346913368 -27.791320801
-0.343854636 0.035198409 0.938362896 98.412132263 -0.005604107 0.999202430 -0.039534103 -2.632151127 -0.939006209 -0.018852672 -0.343383133 -28.091571808
-0.340362668 0.035074148 0.939639866 99.261085510 -0.006928277 0.999183416 -0.039806351 -2.682681084 -0.940268695 -0.020058680 -0.339841723 -28.380769730
-0.335696310 0.035473831 0.941302061 100.127548218 -0.008052614 0.999146104 -0.040525530 -2.731880665 -0.941935837 -0.021184213 -0.335124016 -28.674680710
-0.329701662 0.030818604 0.943581998 101.010925293 -0.010882981 0.999276578 -0.036440335 -2.784974575 -0.944022477 -0.022283426 -0.329127699 -28.969322205
-0.324480295 0.027281331 0.945498884 101.874038696 -0.010395773 0.999420762 -0.032404851 -2.833963871 -0.945835352 -0.020343930 -0.324008703 -29.249729156
-0.318804443 0.024436289 0.947505474 102.752304077 -0.012588491 0.999470234 -0.030012084 -2.883262396 -0.947736919 -0.021495648 -0.318327993 -29.531064987
-0.313186109 0.022997070 0.949413240 103.625015259 -0.021142239 0.999290109 -0.031179471 -2.927340031 -0.949456453 -0.029837700 -0.312477618 -29.789815903
-0.307299137 0.023380090 0.951325774 104.502723694 -0.028469322 0.999024689 -0.033748578 -2.972349167 -0.951187015 -0.037454505 -0.306333810 -30.044223785
-0.300422996 0.027140301 0.953419864 105.378486633 -0.025763504 0.998999476 -0.036555871 -3.025608540 -0.953458071 -0.035545662 -0.299423188 -30.313198090
-0.293301016 0.030613301 0.955529809 106.240463257 -0.024434512 0.998920619 -0.039503660 -3.070988655 -0.955707848 -0.034934364 -0.292236418 -30.568857193
-0.286977589 0.028661966 0.957508445 107.122100830 -0.025733389 0.998960972 -0.037615430 -3.119077444 -0.957591593 -0.035434719 -0.285941839 -30.816995621
-0.280331820 0.023778208 0.959608614 107.998046875 -0.026060915 0.999136090 -0.032370880 -3.167478800 -0.959549248 -0.034082867 -0.279469907 -31.051971436
-0.273509890 0.021261118 0.961634219 108.881446838 -0.027109174 0.999188125 -0.029801855 -3.215821028 -0.961487055 -0.034220211 -0.272711426 -31.287864685
-0.266996086 0.024398670 0.963388622 109.764663696 -0.029216899 0.999014974 -0.033398189 -3.260224342 -0.963254631 -0.037064414 -0.266020268 -31.515951157
-0.260960966 0.027111216 0.964968562 110.639549255 -0.028699620 0.998945832 -0.035827197 -3.307570934 -0.964922547 -0.037043735 -0.259907842 -31.735597610
-0.254270136 0.027665818 0.966737449 111.516708374 -0.030476369 0.998865128 -0.036601096 -3.355275631 -0.966652930 -0.038769204 -0.253138423 -31.949335098
-0.247439936 0.027177842 0.968521953 112.398689270 -0.030998295 0.998872757 -0.035949022 -3.403993607 -0.968407214 -0.038917758 -0.246318564 -32.161857605
-0.239057332 0.026838880 0.970634401 113.279228210 -0.026880875 0.999051809 -0.034245122 -3.454520702 -0.970633328 -0.034278050 -0.238109216 -32.374320984
-0.231614649 0.027834492 0.972409308 114.155235291 -0.024395488 0.999110162 -0.034409449 -3.501055956 -0.972501695 -0.031692136 -0.230729476 -32.574428558
-0.224998698 0.028585911 0.973939657 115.039329529 -0.022930397 0.999137342 -0.034622844 -3.547537088 -0.974089205 -0.030122915 -0.224149138 -32.767177582
-0.218485579 0.027653249 0.975448310 115.924827576 -0.028715774 0.998983324 -0.034752343 -3.592358589 -0.975417554 -0.035603639 -0.217469394 -32.942279816
-0.212910324 0.025564305 0.976737201 116.818710327 -0.034048498 0.998856306 -0.033565164 -3.642853737 -0.976478279 -0.040402811 -0.211796433 -33.112640381
-0.208535537 0.025711572 0.977676809 117.718421936 -0.031163951 0.998971999 -0.032918788 -3.688401222 -0.977518141 -0.037333004 -0.207519919 -33.289756775
-0.203973934 0.025744859 0.978637695 118.607070923 -0.029605897 0.999034643 -0.032452092 -3.737358093 -0.978528559 -0.035592832 -0.203014836 -33.458393097
-0.199092180 0.027306883 0.979600251 119.493225098 -0.028486686 0.999028027 -0.033638027 -3.784408331 -0.979566634 -0.034602631 -0.198120758 -33.637451172
-0.193382114 0.026490692 0.980765820 120.382110596 -0.022293957 0.999258697 -0.031385988 -3.825349092 -0.980870187 -0.027934643 -0.192648172 -33.807662964
-0.187906533 0.024915118 0.981870830 121.265960693 -0.015200635 0.999484777 -0.028271109 -3.871648312 -0.982069254 -0.020237390 -0.187430963 -33.978927612
-0.182884052 0.024355385 0.982832789 122.173179626 -0.013674746 0.999533415 -0.027313817 -3.915414572 -0.983039379 -0.018435251 -0.182465643 -34.141895294
-0.179091975 0.025522692 0.983501256 123.057044983 -0.015927562 0.999457240 -0.028837111 -3.959755182 -0.983703494 -0.020829270 -0.178588212 -34.286277771
-0.175503165 0.027339090 0.984099209 123.944511414 -0.017517511 0.999369323 -0.030887365 -3.998946190 -0.984322965 -0.022659799 -0.174913570 -34.432781219
-0.173737183 0.026645696 0.984431565 124.832580566 -0.019965468 0.999333143 -0.030572642 -4.047897816 -0.984589577 -0.024966242 -0.173089325 -34.569850922
-0.173055246 0.026020242 0.984568477 125.738044739 -0.020166667 0.999347806 -0.029955480 -4.085695744 -0.984705687 -0.025039412 -0.172417641 -34.715274811
-0.171911538 0.021294596 0.984882176 126.623611450 -0.018774146 0.999513924 -0.024887990 -4.125749588 -0.984933436 -0.022768853 -0.171428233 -34.864097595
-0.171013728 0.016541988 0.985129774 127.514099121 -0.020323357 0.999587059 -0.020312788 -4.163733482 -0.985058963 -0.023494909 -0.170606956 -35.005668640
-0.170312971 0.014622601 0.985281467 128.394210815 -0.019483158 0.999644458 -0.018203564 -4.201303005 -0.985197425 -0.022296701 -0.169967502 -35.145771027
-0.168669313 0.019261044 0.985484421 129.273010254 -0.018961936 0.999560595 -0.022781564 -4.239035606 -0.985490203 -0.022529244 -0.168229967 -35.291423798
-0.169022352 0.022917043 0.985345840 130.145584106 -0.018795688 0.999472916 -0.026469754 -4.276581287 -0.985432982 -0.022994233 -0.168502495 -35.425125122
-0.169146582 0.022391198 0.985336483 131.019729614 -0.022363495 0.999397337 -0.026549723 -4.310102940 -0.985337079 -0.026526364 -0.168543890 -35.557826996
-0.168241322 0.020779975 0.985526860 131.881698608 -0.023691585 0.999403775 -0.025117010 -4.362128735 -0.985461056 -0.027574409 -0.167648688 -35.693618774
-0.167367741 0.021717995 0.985655248 132.731475830 -0.018712237 0.999507189 -0.025200611 -4.402688503 -0.985716939 -0.022661583 -0.166878894 -35.835819244
-0.166080832 0.024464089 0.985808611 133.581344604 -0.020619612 0.999387503 -0.028274883 -4.437074661 -0.985896587 -0.025022907 -0.165474668 -35.974670410
-0.166741371 0.025570108 0.985669017 134.434188843 -0.028598223 0.999117732 -0.030756824 -4.480093956 -0.985585868 -0.033316813 -0.165862992 -36.092750549
-0.166266039 0.026783442 0.985717118 135.289794922 -0.035610933 0.998815835 -0.033146039 -4.523601532 -0.985437691 -0.040613364 -0.165115371 -36.214965820
-0.165668190 0.030422704 0.985712111 136.134506226 -0.032404386 0.998816311 -0.036273338 -4.567470074 -0.985649049 -0.037950739 -0.164486259 -36.349807739
-0.165590003 0.031204509 0.985700846 136.984573364 -0.030859070 0.998845875 -0.036804713 -4.616918564 -0.985711873 -0.036512312 -0.164435953 -36.480522156
-0.163505077 0.032523163 0.986006260 137.824432373 -0.031767868 0.998764515 -0.038211916 -4.662570953 -0.986030936 -0.037571155 -0.162269920 -36.610633850
-0.161652401 0.031719681 0.986337781 138.668457031 -0.022880405 0.999094129 -0.035879809 -4.709038258 -0.986582458 -0.028367868 -0.160780177 -36.746715546
-0.158065200 0.028383762 0.987020671 139.503265381 -0.016475897 0.999371767 -0.031377461 -4.757776260 -0.987291157 -0.021221736 -0.157498240 -36.882946014
-0.156177029 0.023201074 0.987456560 140.335678101 -0.013509636 0.999580383 -0.025622630 -4.802795410 -0.987636626 -0.017341847 -0.155798048 -37.010135651
-0.152615070 0.023008058 0.988017797 141.161026001 -0.011288988 0.999623120 -0.025022080 -4.840366840 -0.988221169 -0.014972467 -0.152297840 -37.128036499
-0.147754058 0.027835596 0.988632321 141.977371216 -0.010179313 0.999508083 -0.029663138 -4.884374142 -0.988971770 -0.014446447 -0.147398040 -37.244041443
-0.141143471 0.030866878 0.989507854 142.792984009 -0.008791723 0.999435246 -0.032430604 -4.923992634 -0.989950120 -0.013276849 -0.140792370 -37.351341248
-0.133035094 0.032129820 0.990590394 143.606948853 -0.008504406 0.999400556 -0.033557713 -4.957872391 -0.991074860 -0.012888737 -0.132682085 -37.448730469
-0.123823509 0.027282862 0.991929114 144.425994873 -0.007902858 0.999563098 -0.028479354 -4.998932362 -0.992272794 -0.011365488 -0.123553805 -37.539207458
-0.112052217 0.026327830 0.993353426 145.237686157 -0.004726911 0.999623537 -0.027027212 -5.037692547 -0.993691087 -0.007723954 -0.111885600 -37.624114990
-0.098351412 0.028481353 0.994744241 146.041793823 0.000064181 0.999590516 -0.028613770 -5.075296879 -0.995151758 -0.002750361 -0.098312981 -37.700492859
-0.084319852 0.029651813 0.995997429 146.846359253 -0.000336364 0.999556243 -0.029786237 -5.113055229 -0.996438682 -0.002846589 -0.084272467 -37.757759094
-0.071026862 0.029477142 0.997038782 147.646896362 -0.000073144 0.999563098 -0.029556984 -5.150375843 -0.997474372 -0.002172268 -0.070993692 -37.800701141
-0.057831712 0.030987879 0.997845292 148.443176270 0.000650457 0.999519110 -0.031002160 -5.192409039 -0.998326123 -0.001143853 -0.057824068 -37.835456848
-0.044352680 0.037106961 0.998326540 149.228622437 -0.001781410 0.999305427 -0.037222486 -5.242044449 -0.999014437 -0.003429345 -0.044255767 -37.852569580
-0.031749576 0.046559475 0.998410881 150.005920410 -0.009010901 0.998860538 -0.046866991 -5.284572601 -0.999455214 -0.010484587 -0.031293854 -37.854896545
-0.018629687 0.054334614 0.998348951 150.781509399 -0.013428058 0.998418629 -0.054588977 -5.331613541 -0.999736190 -0.014422865 -0.017870616 -37.847629547
-0.005861773 0.054739490 0.998483479 151.563522339 -0.014142158 0.998396158 -0.054817721 -5.382265091 -0.999882758 -0.014442041 -0.005078238 -37.838508606
0.006235575 0.050795980 0.998689651 152.342285156 -0.017816825 0.998556018 -0.050677948 -5.437551022 -0.999821723 -0.017477473 0.007131593 -37.816402435
0.016519887 0.048701487 0.998676777 153.125183105 -0.021291304 0.998603702 -0.048345730 -5.495177269 -0.999636829 -0.020464461 0.017533738 -37.783660889
0.025138132 0.055267714 0.998155057 153.891067505 -0.024879579 0.998195887 -0.054643400 -5.551372528 -0.999374330 -0.023460045 0.026467819 -37.745506287
0.031734347 0.063133210 0.997500420 154.651077271 -0.028542135 0.997653306 -0.062234852 -5.605682850 -0.999088705 -0.026495809 0.033461835 -37.704261780
0.034803085 0.066029698 0.997210503 155.413787842 -0.031088924 0.997403502 -0.064957477 -5.658168793 -0.998910546 -0.028741475 0.036765520 -37.664039612
0.034798291 0.061824676 0.997480214 156.179718018 -0.033197250 0.997605562 -0.060674313 -5.715227127 -0.998842835 -0.031002244 0.036767382 -37.623905182
0.033048563 0.057411384 0.997803390 156.945800781 -0.034596018 0.997816265 -0.056266256 -5.780825138 -0.998854816 -0.032660503 0.034962598 -37.587997437
0.029914802 0.054547485 0.998062968 157.706497192 -0.034015387 0.997987032 -0.053523798 -5.832731247 -0.998973489 -0.032348335 0.031710047 -37.553752899
0.027250767 0.054746680 0.998128295 158.462905884 -0.032353073 0.998024344 -0.053857673 -5.883685589 -0.999104917 -0.030824853 0.028968152 -37.529861450
0.023419132 0.054544389 0.998236656 159.215652466 -0.031090435 0.998067200 -0.053805735 -5.940047741 -0.999242187 -0.029775528 0.025069680 -37.501907349
0.019292561 0.053526897 0.998380005 159.970199585 -0.031112036 0.998114407 -0.052911453 -5.994461536 -0.999329627 -0.030040834 0.020921512 -37.479488373
0.014264824 0.054028478 0.998437524 160.722259521 -0.031949636 0.998053849 -0.053551245 -6.041250229 -0.999387741 -0.031135814 0.015963249 -37.461784363
0.008393115 0.052414630 0.998590171 161.473114014 -0.033199716 0.998089373 -0.052109305 -6.091990948 -0.999413431 -0.032715552 0.010117228 -37.444084167
0.002713342 0.049261652 0.998782218 162.233840942 -0.030641317 0.998321116 -0.049155664 -6.153021812 -0.999526739 -0.030470636 0.004218229 -37.441543579
-0.002851777 0.049461983 0.998771906 162.974853516 -0.031626649 0.998271823 -0.049527522 -6.200568676 -0.999495685 -0.031729054 -0.001282531 -37.433193207
-0.008653807 0.051153019 0.998653352 163.703186035 -0.033951409 0.998099864 -0.051418882 -6.245687962 -0.999386013 -0.034350656 -0.006900646 -37.417583466
-0.011855099 0.052773409 0.998536170 164.450592041 -0.032953173 0.998043299 -0.053138595 -6.306690693 -0.999386549 -0.033534892 -0.010092848 -37.426063538
-0.014655451 0.055074889 0.998374701 165.179855347 -0.033030208 0.997910321 -0.055534124 -6.359218121 -0.999346912 -0.033790398 -0.012805690 -37.427497864
-0.015463044 0.056103375 0.998305202 165.907348633 -0.029941842 0.997950792 -0.056547236 -6.413231850 -0.999432087 -0.030765483 -0.013751516 -37.440757751
-0.014958302 0.054722559 0.998389542 166.632461548 -0.026861025 0.998118937 -0.055110160 -6.462417126 -0.999527276 -0.027642120 -0.013460258 -37.446186066
-0.010453729 0.051151913 0.998636127 167.358245850 -0.024443677 0.998379290 -0.051394623 -6.516301155 -0.999646544 -0.024947606 -0.009186445 -37.453716278
-0.003418040 0.051197316 0.998682678 168.073394775 -0.023938961 0.998398244 -0.051264655 -6.569154739 -0.999707639 -0.024082651 -0.002186952 -37.442794800
0.007056263 0.051286574 0.998659194 168.767349243 -0.020475950 0.998481870 -0.051132813 -6.622426033 -0.999765456 -0.020087682 0.008095692 -37.423515320
0.021139402 0.051223230 0.998463511 169.467773438 -0.017556358 0.998551667 -0.050856054 -6.670723438 -0.999622464 -0.016454313 0.022008076 -37.397354126
0.036435746 0.049079303 0.998130083 170.170837402 -0.018906204 0.998648345 -0.048414636 -6.716246605 -0.999157190 -0.017106825 0.037314393 -37.358356476
0.052466039 0.044286836 0.997640193 170.868667603 -0.023578558 0.998792589 -0.043097991 -6.763169765 -0.998344302 -0.021261737 0.053446915 -37.305755615
0.068766139 0.037533715 0.996926427 171.560104370 -0.024674948 0.999050319 -0.035911646 -6.805788040 -0.997327626 -0.022129603 0.069626965 -37.241600037
0.085223049 0.030243713 0.995902717 172.245574951 -0.024791747 0.999294102 -0.028225180 -6.843307495 -0.996053398 -0.022284735 0.085912690 -37.162677765
0.102538966 0.023209510 0.994458318 172.927520752 -0.024729649 0.999478221 -0.020776791 -6.873722076 -0.994421542 -0.022462167 0.103059426 -37.081588745
0.118749335 0.017445123 0.992771029 173.598175049 -0.026316321 0.999549747 -0.014416436 -6.903194427 -0.992575526 -0.024414139 0.119154945 -36.977111816
0.136437565 0.015151910 0.990532875 174.260467529 -0.027533697 0.999554694 -0.011497378 -6.931704044 -0.990265906 -0.025704358 0.136793986 -36.868698120
0.154493064 0.014067451 0.987893701 174.914199829 -0.026414920 0.999599993 -0.010103214 -6.950686455 -0.987640619 -0.024534257 0.154802874 -36.758506775
0.171602547 0.013780981 0.985069931 175.559555054 -0.027189957 0.999587417 -0.009247499 -6.965933800 -0.984790921 -0.025197113 0.171906501 -36.626800537
0.186826050 0.012560844 0.982312679 176.200134277 -0.032051407 0.999463856 -0.006684301 -6.984104156 -0.981869996 -0.030235700 0.187128454 -36.475536346
0.201399297 0.009404738 0.979463995 176.828155518 -0.034240838 0.999410331 -0.002555594 -7.000878334 -0.978910565 -0.033022974 0.201602519 -36.334999084
0.213091508 0.005499744 0.977016687 177.463043213 -0.030948553 0.999520302 0.001123592 -7.014443398 -0.976541996 -0.030476680 0.213159502 -36.185142517
0.223571897 0.004166004 0.974678636 178.088760376 -0.028753813 0.999583840 0.002323096 -7.030033588 -0.974263191 -0.028545102 0.223598614 -36.030960083
0.233405381 0.008230830 0.972344697 178.699020386 -0.033211082 0.999448299 -0.000488144 -7.045025826 -0.971812189 -0.032178685 0.233549908 -35.866569519
0.242526889 0.015013209 0.970028639 179.289398193 -0.036947135 0.999297798 -0.006228676 -7.065379620 -0.969440997 -0.034329157 0.242911279 -35.705905914
0.251491725 0.024579786 0.967547357 179.883819580 -0.036614310 0.999203503 -0.015866939 -7.080019951 -0.967166662 -0.031435676 0.252191365 -35.542144775
0.259750634 0.030371577 0.965197980 180.480224609 -0.031342290 0.999243915 -0.023008160 -7.094118118 -0.965167046 -0.024275137 0.260506153 -35.380237579
0.265336007 0.028217023 0.963742971 181.076034546 -0.031166364 0.999300301 -0.020677421 -7.113771439 -0.963652074 -0.024549894 0.266029775 -35.196056366
0.271072924 0.021182660 0.962325692 181.685943604 -0.034057979 0.999342799 -0.012403850 -7.127553940 -0.961956084 -0.029412519 0.271616250 -35.007320404
0.274690419 0.010532057 0.961475015 182.301177979 -0.038282596 0.999266922 -0.000008814 -7.149686337 -0.960770309 -0.036805343 0.274892271 -34.804431915
0.277431071 0.002990506 0.960740864 182.908401489 -0.038417079 0.999229908 0.007983307 -7.168562889 -0.959977150 -0.039123677 0.277332366 -34.629104614
0.278440982 0.002145219 0.960450888 183.517974854 -0.035025980 0.999355018 0.007922144 -7.181339264 -0.959814429 -0.035846587 0.278336495 -34.451396942
0.279789954 0.003841444 0.960053504 184.124496460 -0.031365618 0.999494731 0.005141674 -7.190597057 -0.959548831 -0.031551268 0.279769063 -34.272224426
0.281343758 0.003444017 0.959600866 184.727661133 -0.028517626 0.999581993 0.004773525 -7.192537785 -0.959183216 -0.028708547 0.281324297 -34.087417603
0.282520771 0.000959443 0.959260702 185.344406128 -0.030287171 0.999509811 0.007920463 -7.199010372 -0.958782911 -0.031290982 0.282411486 -33.890449524
0.285008907 -0.002405374 0.958521843 185.963836670 -0.030994417 0.999450803 0.011724032 -7.203314304 -0.958023667 -0.033050276 0.284777850 -33.693706512
0.288154125 -0.007433764 0.957555234 186.585281372 -0.030142616 0.999403894 0.016829371 -7.209150314 -0.957109511 -0.033712674 0.287758321 -33.496631622
0.292620122 -0.010312320 0.956173182 187.211959839 -0.028731683 0.999395549 0.019571304 -7.211765289 -0.955796957 -0.033199426 0.292146921 -33.303756714
0.298739880 -0.012319024 0.954254985 187.833358765 -0.026813259 0.999413669 0.021296181 -7.205462933 -0.953957796 -0.031948715 0.298234344 -33.100837708
0.306231678 -0.015624302 0.951828837 188.449203491 -0.025290044 0.999378920 0.024541400 -7.205574036 -0.951620996 -0.031587150 0.305646300 -32.886466980
0.315754890 -0.017067745 0.948687255 189.078826904 -0.023200806 0.999400318 0.025702130 -7.201364517 -0.948557019 -0.030125882 0.315169603 -32.672538757
0.326900423 -0.015305281 0.944934845 189.703857422 -0.024231503 0.999404371 0.024570426 -7.201997757 -0.944748044 -0.030929269 0.326334834 -32.444034576
0.337945640 -0.011754443 0.941092253 190.317626953 -0.025178906 0.999451220 0.021525087 -7.199738979 -0.940828681 -0.030969979 0.337464184 -32.203449249
0.349450260 -0.008615699 0.936915338 190.937149048 -0.026286274 0.999473989 0.018995218 -7.193572998 -0.936586022 -0.031265892 0.349039972 -31.957317352
0.360661149 -0.008380249 0.932659328 191.557769775 -0.024592835 0.999526560 0.018491166 -7.186548710 -0.932372630 -0.029605784 0.360284239 -31.700267792
0.372124881 -0.011373909 0.928112984 192.192306519 -0.023866160 0.999477088 0.021817548 -7.183349609 -0.927875817 -0.030269342 0.371658772 -31.446044922
