1.000000000 0.000000000 0.000000000 0.000000000 0.000000000 1.000000000 0.000000000 0.000000000 0.000000000 0.000000000 1.000000000 0.000000000
0.999031663 -0.000424187 0.043995105 0.042002417 0.000530159 0.999996901 -0.002397097 -0.019017920 -0.043993946 0.002418100 0.999028862 1.017308354
0.996029258 -0.004710486 0.088901684 0.138483673 0.005372621 0.999959588 -0.007210110 -0.039564565 -0.088864148 0.007659116 0.996014297 2.043892145
0.990863681 -0.004216412 0.134800851 0.269247770 0.005798207 0.999918878 -0.011343867 -0.060640104 -0.134742081 0.012021827 0.990807831 3.051729202
0.983507454 -0.001222897 0.180863366 0.448917150 0.003735936 0.999901175 -0.013554679 -0.090731248 -0.180828884 0.014006821 0.983414829 4.086066723
0.973986745 -0.003751912 0.226573631 0.687241793 0.006958500 0.999886513 -0.013355485 -0.123735473 -0.226497859 0.014584681 0.973902404 5.091887474
0.962277174 -0.004119139 0.272039682 0.959824383 0.008445273 0.999855816 -0.014733694 -0.152203336 -0.271939784 0.016475344 0.962173164 6.099056721
0.948679507 -0.006788826 0.316166043 1.283530354 0.012925595 0.999766529 -0.017316874 -0.185311377 -0.315974683 0.020514799 0.948545814 7.083494186
0.933514237 -0.008330389 0.358443469 1.657637715 0.016267439 0.999684691 -0.019133074 -0.216636121 -0.358171016 0.023691962 0.933355272 8.039258003
0.916268885 -0.008427056 0.400474966 2.071709156 0.017905673 0.999641001 -0.019932281 -0.249531507 -0.400163114 0.025434105 0.916090906 8.972743988
0.896733761 -0.008817813 0.442482561 2.518050671 0.018936992 0.999650359 -0.018456567 -0.285242498 -0.442165077 0.024929915 0.896587133 9.869331360
0.874941707 -0.008921631 0.484146208 3.011784315 0.019829281 0.999651670 -0.017414028 -0.327217221 -0.483822316 0.024836529 0.874813735 10.759346962
0.850990593 -0.009155941 0.525101125 3.547972441 0.020771872 0.999652445 -0.016232880 -0.360071778 -0.524770081 0.024721364 0.850884914 11.640501976
0.825524807 -0.009612992 0.564283907 4.138695717 0.022764968 0.999608338 -0.016275171 -0.400548667 -0.563906491 0.026281465 0.825420260 12.479967117
0.798192084 -0.011204663 0.602298737 4.753842354 0.025990896 0.999536514 -0.015849708 -0.432372749 -0.601841986 0.028305398 0.798113346 13.292610168
0.769375265 -0.010225292 0.638715386 5.398667812 0.026739581 0.999511003 -0.016208287 -0.467147529 -0.638237178 0.029549241 0.769272327 14.072500229
0.738802969 -0.013434608 0.673787653 6.076987743 0.031678353 0.999388397 -0.014808335 -0.500187516 -0.673176467 0.032284927 0.738776624 14.805614471
0.706824899 -0.012702429 0.707274437 6.808851242 0.031922702 0.999392927 -0.013953623 -0.533425391 -0.706667900 0.032440882 0.706801236 15.530365944
0.672506750 -0.011080447 0.740008056 7.554986477 0.032425787 0.999368846 -0.014504035 -0.569007874 -0.739380360 0.033749405 0.672441542 16.214355469
0.637049735 -0.012631448 0.770719171 8.324352264 0.037697397 0.999179840 -0.014783630 -0.594634175 -0.769900322 0.038472015 0.637003362 16.842861176
0.600200295 -0.010719378 0.799777925 9.107067108 0.037359707 0.999194503 -0.014644776 -0.619788170 -0.798976719 0.038669266 0.600117445 17.431108475
0.562585831 -0.009840235 0.826680303 9.960944176 0.040730853 0.999044716 -0.015826870 -0.650903523 -0.825734913 0.042575363 0.562449276 18.005970001
0.523763120 -0.008034269 0.851826072 10.807018280 0.045185786 0.998809695 -0.018362835 -0.676061630 -0.850664735 0.048108205 0.523502827 18.525428772
0.485075444 -0.007134196 0.874443233 11.674283981 0.046680279 0.998752177 -0.017746331 -0.704563975 -0.873225510 0.049427558 0.484803140 19.000801086
0.446641654 -0.009022072 0.894667566 12.572154999 0.052016884 0.998519599 -0.015898859 -0.732141256 -0.893199503 0.053638905 0.446449757 19.439569473
0.409727544 -0.009544112 0.912158012 13.495714188 0.055687882 0.998341918 -0.014568279 -0.753601611 -0.910506546 0.056765173 0.409579724 19.845911026
0.374639660 -0.007134462 0.927143037 14.424798012 0.056984022 0.998257279 -0.015344392 -0.781683803 -0.925417721 0.058580950 0.374393284 20.211494446
0.341175467 -0.007982414 0.939965725 15.386247635 0.057458665 0.998271286 -0.012377971 -0.803240538 -0.938241899 0.058232229 0.341044217 20.556909561
0.307863325 -0.009486468 0.951383293 16.373910904 0.059760228 0.998168588 -0.009385163 -0.825539351 -0.949551940 0.059744228 0.307866424 20.869203568
0.275192559 -0.009357378 0.961343586 17.361091614 0.060360804 0.998147964 -0.007563166 -0.844824672 -0.959492385 0.060108807 0.275247753 21.148277283
0.243005276 -0.006536094 0.970003068 18.361597061 0.057628594 0.998308301 -0.007710303 -0.867839396 -0.968311608 0.057773553 0.242970884 21.401988983
0.211959735 -0.004871156 0.977266252 19.393705368 0.057423629 0.998322010 -0.007478532 -0.880641222 -0.975589871 0.057703324 0.211883768 21.630502701
0.181344062 -0.004764140 0.983408093 20.427385330 0.059248716 0.998224676 -0.006089759 -0.899309635 -0.981633306 0.059370007 0.181304365 21.825147629
0.150853768 -0.004871284 0.988544106 21.501302719 0.060758054 0.998143137 -0.004353211 -0.910230279 -0.986687183 0.060718711 0.150869608 21.982547760
0.120378137 -0.005468900 0.992713034 22.591367722 0.059405092 0.998232603 -0.001704259 -0.921546221 -0.990949094 0.059177373 0.120490246 22.114812851
0.091445550 -0.005987740 0.995792091 23.678451538 0.059912179 0.998203456 0.000500388 -0.935750484 -0.994006157 0.059614327 0.091639996 22.203704834
0.064359747 -0.005600118 0.997910917 24.797849655 0.062844232 0.998022139 0.001547636 -0.938488960 -0.995945990 0.062613331 0.064584382 22.267061234
0.039568812 -0.004992185 0.999204397 25.922950745 0.067073137 0.997745275 0.002328777 -0.943219185 -0.996963143 0.066927634 0.039814439 22.295282364
0.016733801 -0.004608897 0.999849379 27.104089737 0.071201183 0.997456074 0.003406220 -0.946055889 -0.997321725 0.071133457 0.017019393 22.310596466
-0.003454741 -0.004690391 0.999983013 28.271522522 0.076840080 0.997031152 0.004942013 -0.945216000 -0.997037470 0.076855846 -0.003084074 22.302078247
-0.020920066 -0.005527492 0.999765813 29.477792740 0.081174575 0.996673763 0.007208972 -0.948719501 -0.996480346 0.081306361 -0.020401785 22.261190414
-0.036598541 -0.005227617 0.999316394 30.689250946 0.084340058 0.996402442 0.008301209 -0.943354428 -0.995764673 0.084586203 -0.036025986 22.209247589
-0.050852366 -0.005798860 0.998689353 31.888399124 0.086558171 0.996194661 0.010191839 -0.937691927 -0.994948089 0.086963005 -0.050156917 22.145565033
-0.063799553 -0.006899288 0.997938871 33.112342834 0.086696588 0.996157348 0.012429597 -0.933312893 -0.994189739 0.087310895 -0.062956251 22.052419662
-0.075558938 -0.006788395 0.997118235 34.308940887 0.086432971 0.996168494 0.013331587 -0.930852771 -0.993388236 0.087191209 -0.074682690 21.956310272
-0.086839922 -0.004003679 0.996214211 35.529300690 0.086380564 0.996195555 0.011533391 -0.924853384 -0.992470264 0.087055117 -0.086163692 21.857666016
-0.097018130 -0.000435133 0.995282531 36.767242432 0.086808890 0.996185184 0.008897482 -0.913384378 -0.991489589 0.087262571 -0.096610263 21.738967896
-0.106053635 0.002090855 0.994358242 38.032257080 0.088237017 0.996072650 0.007316493 -0.909138441 -0.990437686 0.088515148 -0.105821617 21.605762482
-0.113368534 0.003255531 0.993547678 39.325942993 0.088074580 0.996090710 0.006785866 -0.899844050 -0.989641547 0.088275589 -0.113212079 21.457155228
-0.119152911 0.003864933 0.992868483 40.630199432 0.087736204 0.996121645 0.006651519 -0.894829750 -0.988991857 0.087903060 -0.119029887 21.302658081
-0.124368712 0.005446322 0.992221117 41.955951691 0.089249685 0.995992839 0.005719865 -0.892501652 -0.988213956 0.089266792 -0.124356441 21.142665863
-0.128918082 0.006901810 0.991631210 43.293846130 0.087918475 0.996117473 0.004496899 -0.887500584 -0.987750232 0.087762430 -0.129024357 20.973274231
-0.133456841 0.007469191 0.991026461 44.669891357 0.088653319 0.996052682 0.004431454 -0.887297153 -0.987081528 0.088449202 -0.133592233 20.803773880
-0.136013344 0.006834959 0.990683436 46.059597015 0.088193856 0.996089518 0.005236097 -0.875408351 -0.986773551 0.088084385 -0.136084288 20.613870621
-0.139878526 0.005232679 0.990154803 47.495937347 0.088625170 0.996038616 0.007256246 -0.867716372 -0.986194551 0.088767640 -0.139788151 20.438739777
-0.141203374 0.003664340 0.989973843 48.927703857 0.088616088 0.996025622 0.008952878 -0.866792023 -0.986006618 0.088991791 -0.140966877 20.211093903
-0.143179685 0.004382587 0.989686966 50.353034973 0.091245390 0.995789587 0.008791015 -0.861530542 -0.985481560 0.091563076 -0.142976701 20.019041061
-0.143143848 0.004737358 0.989690542 51.849609375 0.091569833 0.995762587 0.008477774 -0.840972900 -0.985456645 0.091839321 -0.142971084 19.762086868
-0.144130617 0.005358574 0.989544153 53.322769165 0.093671612 0.995568871 0.008252403 -0.840205967 -0.985115230 0.093881615 -0.143993914 19.553583145
-0.143239126 0.005849565 0.989670813 54.803314209 0.093035109 0.995633960 0.007580545 -0.825660348 -0.985305548 0.093159981 -0.143157959 19.324464798
-0.142930731 0.007620404 0.989703357 56.323993683 0.092881940 0.995660543 0.005747531 -0.813046157 -0.985364795 0.092747062 -0.143018290 19.110784531
-0.141208470 0.007668591 0.989950180 57.854736328 0.093381874 0.995614588 0.005607709 -0.803947270 -0.985565841 0.093235262 -0.141305327 18.885066986
-0.139737606 0.006121051 0.990169585 59.420761108 0.092952438 0.995646179 0.006962996 -0.806982160 -0.985815942 0.093011685 -0.139698148 18.665367126
-0.137404993 0.007290270 0.990488112 60.990154266 0.094247714 0.995532215 0.005747075 -0.796740949 -0.986020923 0.094140902 -0.137478203 18.428485870
-0.137405515 0.007657295 0.990485191 62.623466492 0.092902012 0.995661736 0.005190562 -0.783794105 -0.986148536 0.092731290 -0.137520805 18.234725952
-0.136365905 0.008066254 0.990625620 64.235939026 0.094007768 0.995559871 0.004834337 -0.781837344 -0.986188054 0.093785770 -0.136518687 18.006635666
-0.135039806 0.007874753 0.990808845 65.869308472 0.093469679 0.995610476 0.004826303 -0.777767062 -0.986421645 0.093262352 -0.135183096 17.777511597
-0.134117410 0.006559165 0.990943730 67.508354187 0.096033223 0.995357633 0.006409056 -0.769317687 -0.986301243 0.096023083 -0.134124666 17.546623230
-0.132567659 0.004010654 0.991165817 69.162879944 0.097454317 0.995199263 0.009007463 -0.769855618 -0.986371338 0.097787485 -0.132322073 17.314346313
-0.133559927 0.005477111 0.991025627 70.951553345 0.098793499 0.995077252 0.007814837 -0.757416189 -0.986104250 0.098950632 -0.133443549 17.079168320
-0.132554844 0.007269643 0.991149068 72.633277893 0.100702792 0.994897366 0.006170707 -0.753293216 -0.986046731 0.100629427 -0.132610530 16.852832794
-0.131252706 0.006866505 0.991325140 74.342658997 0.099942289 0.994972944 0.006340708 -0.750008583 -0.986298263 0.099907517 -0.131279156 16.614261627
-0.131059766 0.007066536 0.991349280 76.062065125 0.100563273 0.994911253 0.006202880 -0.743134499 -0.986260831 0.100506268 -0.131103441 16.389835358
-0.130709007 0.006091236 0.991402090 77.790893555 0.100517377 0.994909704 0.007139681 -0.737736642 -0.986312032 0.100586340 -0.130655929 16.160144806
-0.130400315 0.006036075 0.991442978 79.520690918 0.101716034 0.994786441 0.007321847 -0.735772729 -0.986230016 0.101800434 -0.130334437 15.937930107
-0.129884318 0.006175574 0.991509855 81.292892456 0.102992430 0.994655371 0.007296483 -0.722497404 -0.986165643 0.103065714 -0.129826158 15.703131676
-0.129802540 0.007084532 0.991514564 83.048042297 0.103471041 0.994611621 0.006439085 -0.717558861 -0.986126304 0.103428870 -0.129836157 15.474039078
-0.130196184 0.007974289 0.991456211 84.863029480 0.103266515 0.994638205 0.005560884 -0.715351582 -0.986095846 0.103108235 -0.130321547 15.232108116
-0.131127805 0.008721109 0.991327047 86.658409119 0.102648370 0.994706094 0.004826979 -0.718041062 -0.986036897 0.102391064 -0.131328836 14.999227524
-0.132428318 0.009187523 0.991150022 88.454307556 0.101730637 0.994802296 0.004370927 -0.718979239 -0.985958159 0.101409160 -0.132674634 14.772852898
-0.133238107 0.008303318 0.991049230 90.274917603 0.100851543 0.994887769 0.005223150 -0.723187089 -0.985939384 0.100644775 -0.133394375 14.533720016
-0.134352744 0.008044449 0.990900874 92.104682922 0.101004481 0.994870126 0.005618167 -0.722794592 -0.985772491 0.100840248 -0.134476036 14.297449112
-0.134595141 0.007060570 0.990875542 93.964904785 0.098576382 0.995109558 0.006299342 -0.721543908 -0.985985219 0.098524801 -0.134632915 14.046894073
-0.136692598 0.007825184 0.990582526 95.794891357 0.098357528 0.995134771 0.005711417 -0.722437143 -0.985718429 0.098211959 -0.136797220 13.813323975
-0.138734907 0.008742400 0.990290940 97.675323486 0.097865090 0.995187521 0.004924791 -0.718282998 -0.985482156 0.097598143 -0.138922825 13.537162781
-0.143240243 0.009678124 0.989640594 99.549850464 0.097961850 0.995180249 0.004446664 -0.712367117 -0.984827757 0.097583964 -0.143497899 13.277475357
-0.147611067 0.008697827 0.989007235 101.434013367 0.096094787 0.995356500 0.005588655 -0.714776754 -0.984366119 0.095863394 -0.147761464 13.001327515
-0.152491391 0.008010915 0.988272309 103.330467224 0.094667174 0.995487511 0.006537834 -0.715769231 -0.983760417 0.094553895 -0.152561605 12.718422890
-0.157119051 0.008673149 0.987541556 105.228050232 0.093153223 0.995633245 0.006076572 -0.718837380 -0.983176649 0.092947416 -0.157240868 12.425529480
-0.161616683 0.010334238 0.986799479 107.148437500 0.093733713 0.995585144 0.004925337 -0.719418168 -0.982392013 0.093292385 -0.161871865 12.105356216
-0.166188747 0.011936515 0.986021698 109.078910828 0.093266174 0.995634437 0.003666640 -0.727235198 -0.981673360 0.092571832 -0.166576535 11.783777237
-0.170866042 0.011971069 0.985221505 111.015274048 0.092183582 0.995734394 0.003888508 -0.735009372 -0.980972469 0.091485657 -0.171240762 11.456504822
-0.175743416 0.011715906 0.984366417 112.958511353 0.090223946 0.995912373 0.004254764 -0.738692641 -0.980292737 0.089561149 -0.176082090 11.118713379
-0.180353433 0.011526304 0.983534336 114.922256470 0.088709302 0.996046960 0.004593927 -0.739302933 -0.979593396 0.088077150 -0.180662990 10.759193420
-0.185751885 0.010679392 0.982538760 116.849136353 0.087367959 0.996159792 0.005689736 -0.742694259 -0.978704810 0.086899281 -0.185971648 10.410257339
-0.190753818 0.010410865 0.981582761 118.826011658 0.087652780 0.996130049 0.006468664 -0.746096373 -0.977716744 0.087272376 -0.190928191 10.024129868
-0.195691288 0.011715884 0.980595708 120.782112122 0.088473335 0.996061921 0.005755391 -0.751852989 -0.976666451 0.087882809 -0.195957184 9.642173767
-0.201352894 0.012919746 0.979433596 122.744766235 0.088291831 0.996082067 0.005011761 -0.754459500 -0.975531399 0.087485090 -0.201704696 9.250564575
-0.206937239 0.012947526 0.978268564 124.708923340 0.088800922 0.996033669 0.005601779 -0.752438962 -0.974315882 0.088030368 -0.207266167 8.854911804
-0.212241992 0.012879229 0.977132201 126.698776245 0.087694690 0.996129811 0.005918457 -0.753377140 -0.973274291 0.086945467 -0.212549984 8.429838181
-0.217517048 0.013638749 0.975961149 128.692489624 0.087054864 0.996188462 0.005480902 -0.753336012 -0.972166538 0.086154342 -0.217875272 7.993608475
-0.222903311 0.014173983 0.974737525 130.704116821 0.086145438 0.996268928 0.005212693 -0.755586088 -0.971026838 0.085131116 -0.223292664 7.554517746
-0.227175370 0.013549079 0.973759592 132.685073853 0.087394595 0.996152401 0.006528266 -0.758775055 -0.969924510 0.086584397 -0.227485433 7.101776123
-0.230529398 0.013612228 0.972970128 134.685928345 0.089812391 0.995931625 0.007346107 -0.751460135 -0.968911707 0.089078270 -0.230813995 6.618318558
-0.234169945 0.014520565 0.972087324 136.721603394 0.091235042 0.995804071 0.007103132 -0.750721872 -0.967905283 0.090351738 -0.234512195 6.134660721
-0.237578094 0.015076085 0.971251428 138.742813110 0.091385402 0.995791852 0.006896803 -0.750287950 -0.967060149 0.090396740 -0.237956062 5.647790909
-0.241046175 0.015312001 0.970392823 140.786163330 0.090981245 0.995828807 0.006886437 -0.748565555 -0.966239691 0.089947499 -0.241433859 5.150573730
-0.244867206 0.015794225 0.969427943 142.812622070 0.089434512 0.995972335 0.006363512 -0.751764238 -0.965422988 0.088258512 -0.245293528 4.639110565
-0.249630108 0.016472029 0.968201101 144.842147827 0.088794790 0.996032178 0.005948330 -0.759379089 -0.964261532 0.087456100 -0.250102252 4.126651764
-0.253414661 0.015757971 0.967229366 146.854644775 0.087298021 0.996160090 0.006642829 -0.763799369 -0.963410616 0.086120598 -0.253817230 3.601375580
-0.257942110 0.016054794 0.966026962 148.889587402 0.087555230 0.996136248 0.006823220 -0.763940334 -0.962184966 0.086340681 -0.258351207 3.062717438
-0.263209701 0.016220283 0.964602292 150.945922852 0.087058067 0.996178627 0.007004165 -0.772208571 -0.960802555 0.085819989 -0.263615996 2.522579193
-0.268186271 0.016520942 0.963225365 153.004791260 0.086325087 0.996242821 0.006947841 -0.768917799 -0.959491491 0.085013822 -0.268604815 1.969615936
-0.272864133 0.015674932 0.961924851 155.053176880 0.086357951 0.996229827 0.008262751 -0.777021408 -0.958168805 0.085324459 -0.273189068 1.400753021
-0.277553976 0.015883937 0.960578740 157.115417480 0.086963758 0.996173859 0.008655176 -0.771673560 -0.956765950 0.085937813 -0.277873397 0.824131012
-0.282164723 0.016490364 0.959224224 159.194763184 0.087593518 0.996118844 0.008641808 -0.772390723 -0.955358803 0.086460225 -0.282514036 0.230014801
-0.285910606 0.017945407 0.958088219 161.263885498 0.088127293 0.996079922 0.007641752 -0.767004132 -0.954195321 0.086618580 -0.286371350 -0.377815247
-0.289906383 0.019308206 0.956860125 163.345947266 0.088191621 0.996081531 0.006620362 -0.771935701 -0.952982962 0.086306326 -0.290473193 -0.997501373
-0.293433815 0.020869195 0.955751598 165.428176880 0.089061685 0.996010423 0.005595354 -0.772105753 -0.951821744 0.086762711 -0.294121772 -1.622493744
-0.297096401 0.021361202 0.954608500 167.500579834 0.088507064 0.996061623 0.005256661 -0.778486788 -0.950736701 0.086051323 -0.297816962 -2.259658813
-0.301084518 0.021310769 0.953359306 169.605804443 0.088676229 0.996043980 0.005740308 -0.783839822 -0.949465454 0.086268626 -0.301783174 -2.907939911
-0.305329561 0.021791499 0.951997340 171.694137573 0.088543892 0.996056557 0.005598237 -0.785073102 -0.948121130 0.086002886 -0.306055039 -3.560668945
-0.309417218 0.022495857 0.950660288 173.780227661 0.090703450 0.995860159 0.005956360 -0.792137742 -0.946590662 0.088071167 -0.310176641 -4.240112305
-0.312556624 0.022886377 0.949623406 175.878448486 0.092777319 0.995665550 0.006540476 -0.792751312 -0.945357442 0.090147771 -0.313325167 -4.933132172
-0.315295875 0.022427836 0.948728502 177.951324463 0.093613349 0.995579720 0.007575620 -0.796668053 -0.944364905 0.091202192 -0.316001773 -5.613925934
-0.318067908 0.022132164 0.947809577 180.042800903 0.093238279 0.995611370 0.008040712 -0.790602565 -0.943472028 0.090929605 -0.318735570 -6.316188812
-0.321074903 0.022810746 0.946779072 182.147827148 0.092539236 0.995681584 0.007393262 -0.791272044 -0.942521811 0.089987986 -0.321799248 -7.023708344
-0.323798329 0.024915958 0.945797980 184.258255005 0.092103787 0.995735228 0.005300666 -0.791250527 -0.941632390 0.088827930 -0.324712366 -7.743602753
-0.327060968 0.026965423 0.944618464 186.394363403 0.091720335 0.995779157 0.003331008 -0.792926073 -0.940541625 0.087730154 -0.328153789 -8.474304199
-0.330265164 0.027941084 0.943474472 188.524536133 0.090839595 0.995862782 0.002306014 -0.804549158 -0.939506829 0.086466454 -0.331436932 -9.214710236
-0.334170967 0.028790692 0.942072630 190.689956665 0.089158140 0.996016800 0.001186801 -0.813495278 -0.938286006 0.084390044 -0.335406810 -9.963356018
-0.337092638 0.029064972 0.941022694 192.813415527 0.089903176 0.995949388 0.001443594 -0.826268435 -0.937169135 0.085087553 -0.338340312 -10.737819672
-0.340840727 0.028052900 0.939702570 194.983779907 0.089305878 0.996000707 0.002658682 -0.837839127 -0.935869694 0.084827140 -0.341982841 -11.511253357
-0.344155341 0.027734937 0.938503027 197.139648438 0.089460589 0.995984674 0.003372137 -0.846508861 -0.934641063 0.085119575 -0.345254481 -12.303504944
-0.347440153 0.027542524 0.937297583 199.296615601 0.089409627 0.995987415 0.003875492 -0.854130745 -0.933429837 0.085149914 -0.348508656 -13.104934692
-0.351035237 0.027998492 0.935943484 201.459350586 0.088763550 0.996046603 0.003495211 -0.863094687 -0.932145536 0.084304601 -0.352132589 -13.903308868
-0.354532272 0.028513944 0.934608936 203.619079590 0.088381663 0.996081889 0.003137073 -0.880753517 -0.930857420 0.083714493 -0.355663240 -14.723072052
-0.358024329 0.029333798 0.933251381 205.793228149 0.088199578 0.996099532 0.002526868 -0.889902353 -0.929537117 0.083217040 -0.359215111 -15.538276672
-0.360822678 0.030083010 0.932149172 207.899230957 0.089695059 0.995965958 0.002577218 -0.910808980 -0.928311288 0.084539093 -0.362065315 -16.347949982
-0.363545656 0.029742556 0.931101441 210.047561646 0.090473495 0.995892584 0.003512878 -0.925282896 -0.927172661 0.085517071 -0.364743352 -17.179859161
-0.366271257 0.029601943 0.930037141 212.234268188 0.092042513 0.995744586 0.004555267 -0.932690501 -0.925944686 0.087271422 -0.367437363 -18.044879913
-0.369419366 0.030253768 0.928770185 214.419692993 0.093211070 0.995635688 0.004642970 -0.943626821 -0.924576104 0.088286877 -0.370627046 -18.907508850
-0.372612417 0.031286579 0.927459478 216.614013672 0.093358234 0.995624781 0.003921190 -0.955100298 -0.923279047 0.088047057 -0.373903126 -19.778038025
-0.375519186 0.031524453 0.926278353 218.799057007 0.092567094 0.995699823 0.003640196 -0.966467977 -0.922180414 0.087109856 -0.376822501 -20.653644562
-0.378634810 0.032783654 0.924965382 220.972808838 0.092338361 0.995724678 0.002507152 -0.983777702 -0.920928538 0.086359091 -0.380043089 -21.537773132
-0.381408721 0.033912525 0.923784196 223.147216797 0.092191912 0.995740116 0.001509803 -0.997743726 -0.919797838 0.085741289 -0.382910311 -22.431880951
-0.384502858 0.033875234 0.922502041 225.326034546 0.089756772 0.995963216 0.000838197 -1.015055776 -0.918749869 0.083123103 -0.385991216 -23.320072174
-0.388066709 0.035152651 0.920960665 227.503036499 0.090900004 0.995859981 0.000291161 -1.031410336 -0.917137623 0.083828315 -0.389655411 -24.219329834
-0.391166985 0.034611885 0.919668615 229.668548584 0.091895200 0.995767355 0.001610328 -1.053730130 -0.915720284 0.085143022 -0.392692000 -25.133739471
-0.394613177 0.033774052 0.918226421 231.844619751 0.092241704 0.995732069 0.003016557 -1.072274446 -0.914205611 0.085889146 -0.396044433 -26.046920776
-0.398691148 0.033247169 0.916482389 233.986907959 0.090939730 0.995850503 0.003434496 -1.085145354 -0.912565231 0.084713966 -0.400060266 -26.954933167
-0.402141243 0.033348646 0.914970100 236.129089355 0.089326210 0.995998025 0.002958097 -1.105004191 -0.911209762 0.082920387 -0.403510809 -27.881744385
-0.406268567 0.032699782 0.913168550 238.313873291 0.087473787 0.996161461 0.003245401 -1.116868258 -0.909557045 0.081196800 -0.407569587 -28.831817627
-0.410252988 0.032405607 0.911395848 240.473815918 0.086808145 0.996218264 0.003653992 -1.132550359 -0.907830775 0.080615625 -0.411514521 -29.783264160
-0.414096922 0.032524254 0.909651518 242.627670288 0.086411439 0.996252596 0.003716090 -1.151479244 -0.906121850 0.080143116 -0.415355593 -30.753967285
-0.418091059 0.032449178 0.907825351 244.780609131 0.086027287 0.996284723 0.004008064 -1.164387941 -0.904322505 0.079773486 -0.419329286 -31.729965210
-0.422648937 0.031571243 0.905743420 246.944671631 0.084265009 0.996432841 0.004588368 -1.179817915 -0.902367592 0.078261748 -0.423801631 -32.708702087
-0.426759064 0.031582203 0.903813660 249.068725586 0.083575144 0.996490657 0.004641533 -1.191082358 -0.900495350 0.077517159 -0.427900881 -33.695533752
-0.430633962 0.032503191 0.901941180 251.210174561 0.083973736 0.996459126 0.004184130 -1.211519837 -0.898611486 0.077541180 -0.431838691 -34.705337524
-0.433950424 0.032633897 0.900345504 253.290237427 0.084051043 0.996451676 0.004393739 -1.232625127 -0.897007465 0.077581637 -0.435153663 -35.701217651
-0.437746853 0.032809928 0.898499429 255.417770386 0.084162205 0.996441364 0.004617223 -1.244097233 -0.895150483 0.077640869 -0.438950449 -36.724464417
-0.441396058 0.033152647 0.896699727 257.541259766 0.083042495 0.996537864 0.004033416 -1.260223389 -0.893461406 0.076244488 -0.442620993 -37.754402161
-0.445091218 0.033399038 0.894862175 259.664764404 0.083190732 0.996524870 0.004184440 -1.274699092 -0.891612649 0.076306693 -0.446323007 -38.806976318
-0.448722661 0.034147918 0.893018425 261.784667969 0.083891146 0.996466696 0.004049868 -1.275623798 -0.889724731 0.076733634 -0.450001866 -39.861175537
-0.451804906 0.035595823 0.891406238 263.902160645 0.085315168 0.996348023 0.003455191 -1.282710314 -0.888027966 0.077611551 -0.453191817 -40.934417725
-0.455311030 0.037265755 0.889552116 266.029113770 0.087223276 0.996184468 0.002911734 -1.299231768 -0.886049628 0.078915380 -0.456824213 -42.018356323
-0.457983285 0.038389798 0.888131499 268.155761719 0.089291237 0.996001065 0.002992369 -1.315793753 -0.884465039 0.080672815 -0.459579647 -43.118644714
-0.460877091 0.040882587 0.886521816 270.276214600 0.091258787 0.995826066 0.001519587 -1.319550276 -0.882759392 0.081603266 -0.462684304 -44.223449707
-0.463654190 0.043417815 0.884951949 272.398986816 0.093660980 0.995604038 0.000225297 -1.345566392 -0.881051898 0.082989931 -0.465682626 -45.311294556
-0.466844767 0.043535750 0.883267045 274.541473389 0.093802698 0.995590687 0.000506644 -1.359308720 -0.879350364 0.083089352 -0.468869984 -46.416725159
-0.470231622 0.044492759 0.881420791 276.691741943 0.094172962 0.995555878 -0.000013535 -1.380525112 -0.877504230 0.082999632 -0.472331852 -47.528968811
-0.473598957 0.044310104 0.879625201 278.851654053 0.093103603 0.995656431 -0.000027137 -1.389283299 -0.875805795 0.081883430 -0.475667238 -48.682800293
-0.476948977 0.045990013 0.877727091 281.016326904 0.094459496 0.995528281 -0.000833975 -1.402608991 -0.873840332 0.082511887 -0.479160458 -49.841606140
-0.479620606 0.046217714 0.876258016 283.160705566 0.093636729 0.995605648 -0.001260499 -1.414833546 -0.872465789 0.081445359 -0.481840581 -51.017990112
-0.482336491 0.046273284 0.874762952 285.313110352 0.092332207 0.995726705 -0.001760864 -1.427312851 -0.871106327 0.079919443 -0.484547973 -52.191238403
-0.484563470 0.047247414 0.873479247 287.473022461 0.094240643 0.995548189 -0.001570171 -1.440369248 -0.869664848 0.081556402 -0.486858845 -53.390075684
-0.486658871 0.047210962 0.872315586 289.659118652 0.096021727 0.995379210 -0.000301473 -1.462426424 -0.868298888 0.083614498 -0.488943517 -54.595634460
-0.488828510 0.047469910 0.871087432 291.840637207 0.097059198 0.995278597 0.000229045 -1.475574613 -0.866963804 0.084659010 -0.491127938 -55.813781738
-0.490224421 0.046915967 0.870332658 293.993347168 0.096775420 0.995305896 0.000857081 -1.489111304 -0.866207004 0.084646963 -0.492463559 -57.025154114
-0.492445111 0.046409778 0.869105279 296.188476562 0.096152678 0.995365739 0.001329192 -1.491148353 -0.865015924 0.084221333 -0.494625330 -58.257537842
-0.495000452 0.047097381 0.867615342 298.411407471 0.097934753 0.995191097 0.001852049 -1.495119572 -0.863355875 0.085886471 -0.497232497 -59.519165039
-0.497582972 0.046659194 0.866160572 300.612945557 0.097787343 0.995204031 0.002565226 -1.500645638 -0.861886799 0.085975952 -0.499759257 -60.771034241
-0.499294192 0.047616474 0.865122974 302.810333252 0.097595327 0.995224893 0.001548532 -1.513358235 -0.860918403 0.085205138 -0.501557112 -62.030288696
-0.501688659 0.050217081 0.863589346 305.025054932 0.097677819 0.995217443 -0.001126758 -1.524888039 -0.859515846 0.083788246 -0.504194379 -63.319877625
-0.505522072 0.049008232 0.861420572 307.256225586 0.095495187 0.995429635 -0.000591259 -1.542836428 -0.857512772 0.081962623 -0.507891893 -64.609344482
-0.509757221 0.046750650 0.859047055 309.447509766 0.092644170 0.995698988 0.000787457 -1.555657625 -0.855315506 0.079987124 -0.511895835 -65.884468079
-0.514855921 0.044409007 0.856125712 311.661163330 0.090641603 0.995879412 0.002851608 -1.570690989 -0.852471411 0.079068795 -0.516759753 -67.182533264
-0.519248009 0.043114144 0.853535414 313.876220703 0.089582652 0.995970607 0.004188681 -1.580406904 -0.849915564 0.078636914 -0.521017969 -68.520462036
-0.523910105 0.043632284 0.850655317 316.142181396 0.090263210 0.995907724 0.004509561 -1.580431581 -0.846977413 0.079145499 -0.525704503 -69.895591736
-0.528113782 0.045041669 0.847978234 318.387084961 0.092846639 0.995668173 0.004937658 -1.591864705 -0.844082534 0.081339575 -0.530008018 -71.287078857
-0.531909227 0.045998544 0.845551133 320.642242432 0.093220524 0.995635331 0.004478828 -1.581636906 -0.841654599 0.081205018 -0.533875704 -72.703636169
-0.536032557 0.046312880 0.842925966 322.872589111 0.094692320 0.995491266 0.005521367 -1.597138405 -0.838869750 0.082778268 -0.538001239 -74.109069824
-0.539952338 0.044926289 0.840495706 325.080810547 0.095315859 0.995414734 0.008025884 -1.610148907 -0.836281240 0.084446155 -0.541758716 -75.537666321
-0.544758618 0.042816080 0.837499082 327.324401855 0.092859037 0.995633960 0.009500441 -1.605174780 -0.833435833 0.082944818 -0.546355963 -76.974639893
-0.548502505 0.043062877 0.835039139 329.532928467 0.092661150 0.995652139 0.009519602 -1.606280088 -0.830998659 0.082597233 -0.550108016 -78.409477234
-0.552520812 0.042881783 0.832395196 331.730010986 0.092659384 0.995645463 0.010212922 -1.605480433 -0.828332663 0.082772084 -0.554088175 -79.859443665
-0.557246983 0.041939113 0.829286993 333.987304688 0.092862070 0.995606005 0.012049224 -1.609696865 -0.825137794 0.083723694 -0.558693051 -81.352409363
-0.560522437 0.042802949 0.827032328 336.167510986 0.094352022 0.995461345 0.012427249 -1.594713688 -0.822746813 0.084997915 -0.562016964 -82.818351746
-0.563334584 0.042056542 0.825157940 338.378753662 0.093078919 0.995576441 0.012802479 -1.582102299 -0.820969224 0.084016874 -0.564757049 -84.335914612
-0.566623330 0.041376289 0.822937310 340.591522217 0.092884205 0.995579898 0.013897736 -1.567966461 -0.818724930 0.084312685 -0.567961931 -85.844688416
-0.568826437 0.041065674 0.821431756 342.783874512 0.093730338 0.995482504 0.015139562 -1.555560589 -0.817099214 0.085604846 -0.570105851 -87.368751526
-0.571639299 0.040209353 0.819519222 344.995239258 0.091530956 0.995689392 0.014992526 -1.546888351 -0.815383732 0.083581693 -0.572855592 -88.911865234
-0.574712336 0.039360825 0.817408383 347.141967773 0.087965198 0.996026754 0.013885649 -1.537210464 -0.813614070 0.079883747 -0.575891197 -90.392364502
-0.578266382 0.038577959 0.814935327 349.301513672 0.084475711 0.996343613 0.012777184 -1.526758671 -0.811462641 0.076230869 -0.579411030 -91.877876282
-0.580730855 0.035722788 0.813311577 351.429931641 0.082640626 0.996462882 0.015240826 -1.527905464 -0.809890211 0.076063380 -0.581628978 -93.402992249
-0.584676206 0.035318263 0.810497642 353.607299805 0.083184712 0.996396065 0.016588742 -1.510270119 -0.806990862 0.077120051 -0.585506976 -94.936157227
-0.587639153 0.035324130 0.808351696 355.765777588 0.082541130 0.996451855 0.016460169 -1.500667572 -0.804902017 0.076394908 -0.588469744 -96.492424011
-0.590979815 0.033997357 0.805969596 357.965423584 0.080143802 0.996643007 0.016725376 -1.482413769 -0.802695334 0.074477829 -0.591720581 -98.070045471
-0.594459534 0.030123621 0.803561211 360.143798828 0.077663392 0.996777236 0.020087089 -1.466901302 -0.800366282 0.074348241 -0.594883144 -99.644783020
-0.597753823 0.027761737 0.801198900 362.331512451 0.075275548 0.996928453 0.021617327 -1.437754154 -0.798137844 0.073232524 -0.598007500 -101.243835449
-0.600913584 0.026909279 0.798860908 364.524169922 0.073790699 0.997032762 0.021921715 -1.403634071 -0.795900643 0.072121575 -0.601116180 -102.855491638
-0.603827059 0.027217617 0.796650589 366.685028076 0.073483668 0.997061729 0.021632796 -1.374347210 -0.793721020 0.071603268 -0.604052842 -104.455818176
-0.606542110 0.026433837 0.794611812 368.901031494 0.073189586 0.997059643 0.022698438 -1.352169037 -0.791675389 0.071924858 -0.606693387 -106.116142273
-0.608530223 0.025476906 0.793121517 371.029968262 0.072602652 0.997079790 0.023676559 -1.325875282 -0.790202379 0.071990624 -0.608602881 -107.742416382
-0.611379504 0.024023250 0.790972710 373.170318604 0.069475584 0.997308910 0.023410851 -1.298265457 -0.788281798 0.069266208 -0.611403227 -109.367935181
-0.614662528 0.020376518 0.788526952 375.313018799 0.059411488 0.998022616 0.020521533 -1.271019459 -0.786549568 0.059461378 -0.614657700 -111.001190186
-0.618380010 0.022831287 0.785547495 377.455444336 0.051865909 0.998584270 0.011805625 -1.259128571 -0.784165859 0.048043497 -0.618688703 -112.634437561
-0.620885909 0.033213425 0.783196986 379.565277100 0.062100738 0.998045981 0.006906239 -1.259782553 -0.781437159 0.052925095 -0.621735334 -114.294754028
-0.621870339 0.034570735 0.782356739 381.703735352 0.069829173 0.997493505 0.011427801 -1.262481689 -0.780000567 0.061737936 -0.622725725 -115.980735779
-0.623624086 0.025655793 0.781303227 383.825714111 0.069425732 0.997329593 0.022665055 -1.241114616 -0.778635383 0.068377025 -0.623739898 -117.672546387
-0.627510071 0.014265267 0.778477728 385.971069336 0.062126715 0.997561574 0.031798795 -1.194493294 -0.776125908 0.068318330 -0.626866162 -119.338752747
-0.631296575 0.008507337 0.775494874 388.110748291 0.056545369 0.997783303 0.035085224 -1.132981300 -0.773477376 0.065999813 -0.630378246 -121.006294250
-0.633456469 0.009266162 0.773722768 390.190429688 0.056156915 0.997841895 0.034026146 -1.063648224 -0.771737635 0.065003976 -0.632609904 -122.689254761
-0.637064695 0.013778786 0.770687163 392.293792725 0.061152011 0.997592151 0.032713890 -1.021128654 -0.768380761 0.067969926 -0.636373401 -124.382698059
-0.639164031 0.020261152 0.768803418 394.322540283 0.065700576 0.997437000 0.028335236 -0.971948624 -0.766258955 0.068621695 -0.638856947 -126.057601929
-0.641350150 0.023135552 0.766899347 396.392089844 0.066545062 0.997455955 0.025560053 -0.932535172 -0.764357090 0.067426302 -0.641258121 -127.779121399
-0.644067764 0.023191623 0.764616728 398.444519043 0.067003533 0.997409165 0.026187360 -0.898814201 -0.762028217 0.068098471 -0.643953025 -129.497680664
-0.646704316 0.022532653 0.762407899 400.472686768 0.067727149 0.997311652 0.027973678 -0.853835106 -0.759727955 0.069726415 -0.646491826 -131.205596924
-0.648833871 0.022255424 0.760604560 402.507385254 0.068665236 0.997206569 0.029396445 -0.804206848 -0.757825673 0.071300499 -0.648549557 -132.936737061
-0.650788069 0.021781942 0.758947015 404.576324463 0.067809805 0.997261465 0.029524514 -0.753222466 -0.756225169 0.070678256 -0.650482953 -134.670837402
-0.652738869 0.021959009 0.757264614 406.633514404 0.068119310 0.997232139 0.029799225 -0.705236435 -0.754514158 0.071035460 -0.652428091 -136.412841797
-0.653571844 0.022602802 0.756526828 408.682556152 0.069177411 0.997154057 0.029971087 -0.660085678 -0.753696442 0.071922831 -0.653275371 -138.153488159
-0.654404938 0.021903964 0.755826950 410.705749512 0.070113517 0.997031689 0.031811111 -0.605259895 -0.752886593 0.073811024 -0.653998196 -139.905120850
-0.655276418 0.021349583 0.755087554 412.750976562 0.071988508 0.996815920 0.034288436 -0.550082207 -0.751951098 0.076826021 -0.654726982 -141.661590576
-0.656609297 0.021200497 0.753932893 414.788848877 0.073791280 0.996615052 0.036241036 -0.489479065 -0.750612378 0.079429872 -0.655951083 -143.416809082
-0.657257259 0.021244112 0.753366828 416.826354980 0.071777992 0.996823311 0.034511704 -0.418050766 -0.750240505 0.076758221 -0.656694293 -145.177520752
-0.658784330 0.021035429 0.752037585 418.839538574 0.067913368 0.997190654 0.031599395 -0.364012718 -0.749260247 0.071890615 -0.658362269 -146.913055420
-0.661064446 0.021030646 0.750034332 420.809722900 0.065879270 0.997373462 0.030098677 -0.311877251 -0.747431397 0.069308870 -0.660713673 -148.634429932
-0.661728144 0.020400183 0.749466300 422.802459717 0.065708719 0.997361183 0.030868568 -0.264522552 -0.746858895 0.069673069 -0.661322474 -150.382110596
-0.663144767 0.019056860 0.748248518 424.818206787 0.063067615 0.997543454 0.030488415 -0.209547997 -0.745829403 0.067408487 -0.662717581 -152.131774902
-0.664242387 0.017748330 0.747306466 426.848510742 0.059950124 0.997762680 0.029589996 -0.162037849 -0.745109379 0.064456053 -0.663820326 -153.900421143
-0.665039241 0.016604219 0.746623814 428.826110840 0.058045089 0.997877717 0.029510560 -0.114723206 -0.744549274 0.062963523 -0.664591610 -155.635986328
-0.664949179 0.015076700 0.746736407 430.818939209 0.058714390 0.997757375 0.032138783 -0.065518379 -0.744577229 0.065214835 -0.664343178 -157.405456543
-0.665004194 0.015356391 0.746681750 432.821044922 0.062928207 0.997385323 0.035532251 0.002272606 -0.744183779 0.070616439 -0.664231777 -159.163742065
-0.664226115 0.013828628 0.747403800 434.801147461 0.067015179 0.996904612 0.041112177 0.069015503 -0.744521737 0.077395163 -0.663096786 -160.910186768
-0.662694335 0.012674901 0.748782754 436.802368164 0.069971114 0.996530890 0.045057848 0.148405075 -0.745614052 0.082252756 -0.661282241 -162.669189453
-0.661363840 0.010064245 0.749997735 438.796600342 0.064065576 0.997013867 0.043115418 0.232168198 -0.747324228 0.076564014 -0.660033643 -164.394714355
-0.661037683 0.008972513 0.750299215 440.811035156 0.056255318 0.997706890 0.037631582 0.308887482 -0.748240948 0.067084201 -0.660026729 -166.124694824
-0.659674525 0.007012643 0.751518786 442.813629150 0.052141335 0.997973979 0.036456671 0.365264893 -0.749740541 0.063234724 -0.658703685 -167.861572266
-0.657436609 0.006924103 0.753477991 444.835632324 0.050266381 0.998133242 0.034686852 0.431313515 -0.751831234 0.060679026 -0.656557500 -169.589691162
-0.654987454 0.007641448 0.755601108 446.845520020 0.052303370 0.998009205 0.035245858 0.492710114 -0.753827453 0.062606081 -0.654083073 -171.312011719
-0.652202964 0.007581776 0.758006454 448.851379395 0.053066257 0.997953475 0.035677418 0.555564880 -0.756184697 0.063493475 -0.651270568 -173.022796631
-0.649766982 0.008420721 0.760086834 450.860565186 0.050526783 0.998205602 0.032134499 0.616191864 -0.758452356 0.059284676 -0.649026513 -174.725112915
-0.647991419 0.003426554 0.761639833 452.885711670 0.043624569 0.998515248 0.032622878 0.673893929 -0.760397255 0.054365553 -0.647178710 -176.430435181
-0.647867262 -0.002645273 0.761748672 454.922698975 0.035002910 0.998834312 0.033238556 0.727149010 -0.760948658 0.048197594 -0.647019446 -178.104064941
-0.647074223 -0.006314481 0.762400806 456.955841064 0.027619915 0.999115109 0.031716943 0.780907631 -0.761926591 0.041580662 -0.646327198 -179.796081543
-0.646487534 -0.006699685 0.762895107 458.986999512 0.025861677 0.999194324 0.030690374 0.834115982 -0.762486100 0.039570689 -0.645793438 -181.487869263
-0.645042658 -0.006595001 0.764118135 461.016265869 0.028099691 0.999081731 0.032343745 0.885740280 -0.763629735 0.042334583 -0.644264996 -183.189819336
-0.644082546 -0.007755127 0.764916837 463.061767578 0.029275896 0.998966157 0.034779217 0.940086365 -0.764395595 0.044794306 -0.643189669 -184.862670898
-0.643095434 -0.009952842 0.765721321 465.078094482 0.027863642 0.998949289 0.036385778 1.004180908 -0.765278816 0.044735320 -0.642142475 -186.533325195
-0.642364979 -0.010465432 0.766327441 467.119903564 0.025600927 0.999055862 0.035103381 1.064914703 -0.765971184 0.042167872 -0.641490459 -188.207275391
-0.641471803 -0.009880657 0.767082989 469.165283203 0.023853449 0.999176681 0.032817628 1.125507355 -0.766775668 0.039349169 -0.640707970 -189.882568359
-0.640465856 -0.008298663 0.767941654 471.221801758 0.024989445 0.999186933 0.031638857 1.175836563 -0.767579973 0.039454050 -0.639737666 -191.570083618
-0.639479220 -0.007754450 0.768769205 473.254272461 0.026997445 0.999105930 0.032534894 1.227363586 -0.768334210 0.041560192 -0.638698041 -193.234283447
