1.000000000 0.000000000 0.000000000 0.000000000 0.000000000 1.000000000 0.000000000 0.000000000 0.000000000 0.000000000 1.000000000 0.000000000
0.999996543 -0.002249514 -0.001375609 -0.006433514 0.002253564 0.999993086 0.002950502 -0.017477542 0.001368962 -0.002953592 0.999994695 1.521947265
0.999992788 -0.002535687 -0.002830528 -0.011796400 0.002546465 0.999989629 0.003810639 -0.035295911 0.002820836 -0.003817820 0.999988675 3.042305470
0.999989390 -0.001543009 -0.004323903 -0.027026495 0.001558227 0.999992549 0.003518291 -0.050366018 0.004318441 -0.003524991 0.999984443 4.556935310
0.999982357 -0.000839662 -0.005878926 -0.042102538 0.000859804 0.999993682 0.003424355 -0.065825805 0.005876015 -0.003429349 0.999976873 6.057879925
0.999972463 -0.000960135 -0.007359852 -0.060641356 0.000984969 0.999993742 0.003371394 -0.074830465 0.007356570 -0.003378551 0.999967217 7.571207523
0.999958038 -0.001448971 -0.009039611 -0.079579569 0.001485478 0.999990702 0.004033197 -0.095264778 0.009033683 -0.004046454 0.999951005 9.062261581
0.999939859 -0.003146553 -0.010501238 -0.105238229 0.003181339 0.999989450 0.003297532 -0.109680310 0.010490752 -0.003330741 0.999939382 10.556876183
0.999918222 -0.004263307 -0.012055457 -0.121500134 0.004304772 0.999984860 0.003415685 -0.121713042 0.012040713 -0.003467301 0.999921501 12.040589333
0.999904275 -0.003842189 -0.013291695 -0.146556467 0.003886728 0.999986827 0.003326654 -0.137325585 0.013278740 -0.003377997 0.999906123 13.526673317
0.999890864 -0.003719869 -0.014296648 -0.179138288 0.003769710 0.999986827 0.003460807 -0.155121759 0.014283588 -0.003514324 0.999891758 15.009891510
0.999880791 -0.002386107 -0.015252595 -0.198962748 0.002447870 0.999988854 0.004031993 -0.168845177 0.015242805 -0.004068848 0.999875486 16.471258163
0.999876380 -0.001220850 -0.015674299 -0.235491335 0.001292530 0.999988794 0.004563802 -0.181135044 0.015668551 -0.004583497 0.999866724 17.942461014
0.999865413 -0.000098466 -0.016400279 -0.262046188 0.000191192 0.999983966 0.005652413 -0.197971582 0.016399460 -0.005654789 0.999849498 19.416934967
0.999859571 -0.000243825 -0.016757634 -0.294030488 0.000336561 0.999984562 0.005531370 -0.206022918 0.016756028 -0.005536233 0.999844253 20.881036758
0.999849081 0.000848781 -0.017351963 -0.326682061 -0.000752684 0.999984324 0.005543933 -0.214844108 0.017356398 -0.005530035 0.999834061 22.345558167
0.999847412 0.001176570 -0.017426711 -0.354009211 -0.001069789 0.999980628 0.006135518 -0.230073273 0.017433589 -0.006115939 0.999829292 23.808666229
0.999848485 0.002104990 -0.017272605 -0.387438208 -0.001978279 0.999971032 0.007349747 -0.240521476 0.017287573 -0.007314465 0.999823809 25.250305176
0.999845564 0.002332764 -0.017416885 -0.415289044 -0.002227786 0.999979258 0.006044303 -0.251456767 0.017430622 -0.006004567 0.999830186 26.691473007
0.999846280 0.002687381 -0.017324075 -0.453451186 -0.002618674 0.999988616 0.003987447 -0.259936184 0.017334592 -0.003941469 0.999842107 28.123502731
0.999859810 0.001111166 -0.016707677 -0.487982571 -0.001049695 0.999992669 0.003687515 -0.273322463 0.016711654 -0.003669459 0.999853551 29.561225891
0.999864995 -0.000067947 -0.016431719 -0.516521990 0.000175074 0.999978781 0.006518163 -0.289412439 0.016430929 -0.006520160 0.999843657 30.973854065
0.999865651 -0.001333825 -0.016332390 -0.546711385 0.001459187 0.999969482 0.007666170 -0.299533933 0.016321665 -0.007688974 0.999837220 32.407295227
0.999868214 -0.001674129 -0.016145227 -0.578255177 0.001785676 0.999974608 0.006897079 -0.308609068 0.016133271 -0.006925002 0.999845862 33.806217194
0.999874890 -0.002170937 -0.015667139 -0.604087472 0.002250574 0.999984622 0.005067249 -0.322494596 0.015655898 -0.005101876 0.999864399 35.207313538
0.999884546 -0.000898673 -0.015164904 -0.635525942 0.000961827 0.999990940 0.004157687 -0.335307777 0.015161028 -0.004171793 0.999876320 36.558753967
0.999894917 -0.000886461 -0.014470642 -0.656360269 0.000936399 0.999993622 0.003444545 -0.354977340 0.014467493 -0.003457733 0.999889314 37.925327301
0.999912560 -0.000002593 -0.013226591 -0.683903694 0.000064814 0.999988914 0.004703748 -0.372353554 0.013226431 -0.004704194 0.999901414 39.262893677
0.999933124 -0.000032309 -0.011562448 -0.708593965 0.000109231 0.999977887 0.006652161 -0.387925267 0.011561976 -0.006652978 0.999910951 40.593799591
0.999947369 -0.000593335 -0.010237168 -0.727069616 0.000674524 0.999968410 0.007929194 -0.405524313 0.010232138 -0.007935681 0.999916136 41.877704620
0.999971509 0.000018901 -0.007541769 -0.742672682 0.000044996 0.999964058 0.008472226 -0.416759342 0.007541658 -0.008472321 0.999935687 43.187435150
0.999990046 -0.000439161 -0.004441845 -0.754898310 0.000473772 0.999969482 0.007794096 -0.427435160 0.004438287 -0.007796123 0.999959826 44.458484650
0.999999046 -0.001238223 -0.000490846 -0.765825510 0.001241202 0.999980509 0.006115334 -0.443567783 0.000483264 -0.006115938 0.999981105 45.700729370
0.999993801 -0.000999979 0.003387959 -0.778167367 0.000985023 0.999989808 0.004413097 -0.459229648 -0.003392338 -0.004409732 0.999984562 46.912841797
0.999974370 -0.000959686 0.007092186 -0.764932513 0.000923540 0.999986589 0.005098165 -0.475059420 -0.007096983 -0.005091486 0.999961853 48.146419525
0.999922216 -0.000249058 0.012472780 -0.762940884 0.000186976 0.999987602 0.004978329 -0.489020884 -0.012473867 -0.004975610 0.999909818 49.347755432
0.999823213 0.001039821 0.018775251 -0.747772276 -0.001114853 0.999991477 0.003986271 -0.503327489 -0.018770944 -0.004006498 0.999815822 50.568420410
0.999656200 0.001950035 0.026148027 -0.717712641 -0.002057561 0.999989510 0.004085938 -0.517090917 -0.026139786 -0.004138336 0.999649704 51.748710632
0.999398232 0.003214558 0.034537539 -0.684184670 -0.003384007 0.999982536 0.004848886 -0.525544941 -0.034521352 -0.004962844 0.999391675 52.934795380
0.998978674 0.005087761 0.044897404 -0.641850710 -0.005358343 0.999968112 0.005908341 -0.547858119 -0.044865921 -0.006142882 0.998974085 54.083297729
0.998287737 0.007631771 0.057994582 -0.594257832 -0.007975575 0.999951899 0.005699050 -0.554304957 -0.057948299 -0.006151831 0.998300612 55.243762970
0.997296274 0.009587242 0.072857708 -0.521478176 -0.010068598 0.999929845 0.006242365 -0.570017934 -0.072792739 -0.006959063 0.997322738 56.367916107
0.995958686 0.011850143 0.089027599 -0.434021473 -0.012582196 0.999891520 0.007666051 -0.580435276 -0.088927083 -0.008755232 0.995999634 57.493736267
0.994206429 0.012183941 0.106796168 -0.320554256 -0.013149074 0.999878764 0.008337627 -0.588365555 -0.106681623 -0.009693593 0.994246125 58.609844208
0.991965413 0.011888002 0.125949949 -0.188781261 -0.012970093 0.999885678 0.007774832 -0.600228429 -0.125843093 -0.009345947 0.992006123 59.702892303
0.989289761 0.010746475 0.145568669 -0.029677391 -0.011812476 0.999909341 0.006460608 -0.605359972 -0.145486072 -0.008110940 0.989327013 60.770904541
0.986028135 0.008028947 0.166385710 0.152477264 -0.009164053 0.999939680 0.006055519 -0.613096118 -0.166327059 -0.007495678 0.986042142 61.837074280
0.982150793 0.002665051 0.188076377 0.348536491 -0.004300792 0.999956310 0.008289672 -0.621824741 -0.188046068 -0.008950585 0.982119381 62.868610382
0.977408886 -0.003016954 0.211335570 0.570342064 0.000908045 0.999948800 0.010075286 -0.634802938 -0.211355165 -0.009655771 0.977361560 63.909458160
0.971961379 -0.007878914 0.235008404 0.826577187 0.005854534 0.999939501 0.009310550 -0.640451789 -0.235067546 -0.007673631 0.971948743 64.921081543
0.965535939 -0.014130824 0.259886086 1.104804993 0.012634981 0.999892533 0.007425481 -0.646721840 -0.259963155 -0.003885912 0.965610743 65.921859741
0.958038688 -0.017462522 0.286106050 1.403671265 0.015671659 0.999840558 0.008548158 -0.656696677 -0.286209762 -0.003705709 0.958159804 66.906600952
0.949345648 -0.020178968 0.313585252 1.715616226 0.017637054 0.999784589 0.010941067 -0.667257965 -0.313738465 -0.004856133 0.949497044 67.865280151
0.939433455 -0.024318805 0.341867179 2.065576553 0.020903887 0.999687970 0.013670230 -0.667047083 -0.342092901 -0.005695920 0.939648926 68.872726440
0.928715646 -0.027240539 0.369790733 2.428222656 0.024002166 0.999622703 0.013356408 -0.672765613 -0.370015085 -0.003528528 0.929019034 69.723274231
0.916597605 -0.025953522 0.398967832 2.814262390 0.024123402 0.999662876 0.009608087 -0.675535738 -0.399082720 0.000817711 0.916914523 70.619445801
0.903665602 -0.027798729 0.427335620 3.238349915 0.028725095 0.999578297 0.004280287 -0.681274235 -0.427274376 0.008407308 0.904082954 71.482177734
0.889363527 -0.029714901 0.456234157 3.678569794 0.032280229 0.999476492 0.002171024 -0.691175461 -0.456059843 0.012796512 0.889857173 72.331970215
0.873801470 -0.030511558 0.485324681 4.150503159 0.031918954 0.999476016 0.005367003 -0.697142959 -0.485234171 0.010801367 0.874317408 73.174453735
0.856150329 -0.029317819 0.515894294 4.644956589 0.027573887 0.999558687 0.011043900 -0.705045640 -0.515990436 0.004769972 0.856581092 73.997772217
0.836380601 -0.029470628 0.547356546 5.159841537 0.025543574 0.999564290 0.014786783 -0.710313559 -0.547553897 0.001614066 0.836768925 74.803009033
0.815394700 -0.023390349 0.578432739 5.698404312 0.021560749 0.999717176 0.010032648 -0.713448226 -0.578503788 0.004290875 0.815668464 75.569290161
0.793352127 -0.016404185 0.608541906 6.263729095 0.018423967 0.999825954 0.002932639 -0.717505336 -0.608484149 0.008885143 0.793516219 76.318717957
0.770815253 -0.013795125 0.636909425 6.852859497 0.017430916 0.999847889 0.000560535 -0.717428267 -0.636820316 0.010669846 0.770938456 77.034965515
0.747434080 -0.016332621 0.664135158 7.481418610 0.018565690 0.999820888 0.003693621 -0.723680973 -0.664076507 0.009569391 0.747603416 77.737945557
0.723024905 -0.017029341 0.690612078 8.109737396 0.018875379 0.999809861 0.004892378 -0.746550381 -0.690564036 0.009498253 0.723208845 78.398498535
0.697523355 -0.014840493 0.716408432 8.762222290 0.019268157 0.999812424 0.001951014 -0.750911057 -0.716302991 0.012442991 0.697678387 79.034065247
0.671461880 -0.012664008 0.740930796 9.434089661 0.019145189 0.999816775 -0.000261269 -0.764002085 -0.740791619 0.014360693 0.671581209 79.639854431
0.644317925 -0.010090092 0.764691174 10.125999451 0.017177898 0.999851644 -0.001280825 -0.771859109 -0.764564693 0.013961047 0.644395649 80.227966309
0.616177022 -0.008734427 0.787559271 10.846954346 0.017164418 0.999849856 -0.002340400 -0.787434101 -0.787420630 0.014960096 0.616234481 80.798767090
0.587713599 -0.002452024 0.809065402 11.580566406 0.015568551 0.999844432 -0.008278944 -0.804394841 -0.808919311 0.017461622 0.587660313 81.327163696
0.557513833 0.007054400 0.830137670 12.348888397 0.014432814 0.999730408 -0.018188536 -0.818488121 -0.830042183 0.022121582 0.557261705 81.849731445
0.527052402 0.015327532 0.849694550 13.129638672 0.013500320 0.999560177 -0.026404977 -0.840454876 -0.849725604 0.025387956 0.526613593 82.328002930
0.494880617 0.020285906 0.868724108 13.930931091 0.010648485 0.999510825 -0.029406015 -0.870134473 -0.868895650 0.023803063 0.494422615 82.801673889
0.462402582 0.019901438 0.886446714 14.763668060 0.008703439 0.999598026 -0.026981801 -0.899723828 -0.886627376 0.020191588 0.462043494 83.238594055
0.429225415 0.018660644 0.903004587 15.610973358 0.004256958 0.999733627 -0.022683011 -0.927157879 -0.903187335 0.013580181 0.429031700 83.648773193
0.395332873 0.019806741 0.918324292 16.471433640 -0.000303801 0.999770343 -0.021432612 -0.959991574 -0.918537915 0.008194027 0.395248055 84.013130188
0.359615266 0.022678642 0.932824910 17.349212646 -0.007030047 0.999742091 -0.021595350 -0.987673521 -0.933074176 0.001208213 0.359681934 84.386192322
0.324222654 0.024678504 0.945658863 18.246940613 -0.012135098 0.999685943 -0.021927867 -1.016183376 -0.945903003 -0.004366152 0.324420303 84.691932678
0.288216114 0.023913313 0.957266748 19.150793076 -0.014348319 0.999683738 -0.020652901 -1.042490244 -0.957457960 -0.007782670 0.288468122 84.972846985
0.251426965 0.023792857 0.967583716 20.100404739 -0.015509285 0.999668479 -0.020551734 -1.066358805 -0.967751980 -0.009839270 0.251712590 85.236968994
0.215747952 0.023338195 0.976170063 21.049379349 -0.014944208 0.999676228 -0.020597287 -1.091008663 -0.976334631 -0.010144265 0.216026828 85.442245483
0.180564731 0.021940488 0.983318388 22.001438141 -0.012917394 0.999717891 -0.019934412 -1.119283676 -0.983478248 -0.009102457 0.180797189 85.612442017
0.146070778 0.021015124 0.989050925 22.975063324 -0.004108579 0.999778628 -0.020636277 -1.148387194 -0.989265621 -0.001049237 0.146124780 85.743888855
0.112365752 0.024293749 0.993369877 23.943307877 -0.002247189 0.999704719 -0.024194479 -1.180980682 -0.993664384 0.000486341 0.112387136 85.849456787
0.079078756 0.029036060 0.996445417 24.911800385 -0.001488355 0.999577999 -0.029009227 -1.218620062 -0.996867239 0.000810950 0.079088606 85.936286926
0.049978085 0.033098657 0.998201847 25.917123795 0.005466324 0.999426663 -0.033412959 -1.248481631 -0.998735368 0.007126410 0.049768511 85.984924316
0.024414346 0.031240001 0.999213696 26.900424957 0.007629275 0.999476731 -0.031434633 -1.283272743 -0.999672830 0.008390732 0.024163235 86.004257202
0.001692474 0.027931426 0.999608457 27.880842209 0.008876415 0.999570012 -0.027945377 -1.324708462 -0.999959230 0.008920236 0.001443818 86.008445740
-0.016434535 0.025807254 0.999531865 28.923723221 0.009100532 0.999629259 -0.025660142 -1.360466003 -0.999823511 0.008674558 -0.016663304 85.986175537
-0.032830454 0.028857414 0.999044299 29.917337418 0.011104597 0.999531925 -0.028506583 -1.396914244 -0.999399185 0.010158097 -0.033135541 85.949348450
-0.047794230 0.033404864 0.998298466 30.921632767 0.013400741 0.999372125 -0.032799222 -1.427991867 -0.998767257 0.011810325 -0.048211876 85.902488708
-0.060044367 0.038574554 0.997450113 31.917110443 0.017406696 0.999141514 -0.037592120 -1.467038274 -0.998043954 0.015105115 -0.060664278 85.842262268
-0.068903156 0.041737441 0.996749938 32.909095764 0.022854194 0.998928308 -0.040248800 -1.517316580 -0.997361481 0.020006645 -0.069783196 85.768913269
-0.074318208 0.047215652 0.996116102 33.919422150 0.027487081 0.998596013 -0.045282435 -1.566350341 -0.996855617 0.024015019 -0.075511687 85.678138733
-0.078078248 0.051807731 0.995600224 34.921520233 0.029465294 0.998332441 -0.049639151 -1.621333718 -0.996511638 0.025459910 -0.079474583 85.599067688
-0.080758870 0.056043547 0.995156825 35.931262970 0.031302799 0.998068094 -0.053667217 -1.675139785 -0.996241987 0.026817089 -0.082357153 85.511978149
-0.083294503 0.058849722 0.994785786 36.935558319 0.031923018 0.997899950 -0.056360997 -1.737860560 -0.996013522 0.027062001 -0.084998228 85.425178528
-0.085646488 0.062443633 0.994367003 37.948463440 0.033186220 0.997659028 -0.059791993 -1.798902273 -0.995772660 0.027878299 -0.087518260 85.335418701
-0.087839387 0.066479743 0.993913829 38.951740265 0.034195747 0.997383654 -0.063689701 -1.863664508 -0.995547473 0.028393159 -0.089882895 85.246467590
-0.089509673 0.067691661 0.993682981 39.954338074 0.037195958 0.997218966 -0.064581960 -1.936552048 -0.995291173 0.031180287 -0.091778599 85.146217346
-0.091711946 0.066569529 0.993557930 40.976055145 0.037367877 0.997290254 -0.063370295 -2.006156683 -0.995084226 0.031315342 -0.093951002 85.049804688
-0.094008975 0.066074833 0.993376195 41.984066010 0.036738932 0.997345805 -0.062862039 -2.080579758 -0.994893253 0.030585987 -0.096186966 84.960792542
-0.096405052 0.067521654 0.993049145 43.009441376 0.036452442 0.997266591 -0.064269602 -2.147976875 -0.994674385 0.030003158 -0.098602876 84.864837646
-0.098814406 0.069537796 0.992673278 44.018676758 0.036094941 0.997149348 -0.066258341 -2.224913120 -0.994451046 0.029283196 -0.101042673 84.761787415
-0.101319477 0.071959600 0.992248058 45.050155640 0.034474522 0.997035503 -0.068786576 -2.300386190 -0.994256437 0.027237855 -0.103499882 84.656105042
-0.103958338 0.075159699 0.991737723 46.074111938 0.031764321 0.996882796 -0.072219931 -2.381317139 -0.994074225 0.023994010 -0.106021680 84.557029724
-0.106294863 0.079763912 0.991130292 47.110866547 0.028017066 0.996621728 -0.077201143 -2.455953121 -0.993939817 0.019562474 -0.108170517 84.453895569
-0.108961485 0.081921928 0.990664482 48.163444519 0.025841579 0.996494949 -0.079561792 -2.544321537 -0.993709981 0.016931159 -0.110696562 84.343559265
-0.111542523 0.080428861 0.990499616 49.209533691 0.024129251 0.996644795 -0.078210615 -2.628734827 -0.993466675 0.015176201 -0.113108978 84.219963074
-0.114606477 0.076609194 0.990452647 50.269615173 0.021010039 0.996985912 -0.074683435 -2.708755732 -0.993188739 0.012250242 -0.115870617 84.102325439
-0.117032737 0.074349061 0.990341127 51.306854248 0.021813363 0.997145653 -0.072282128 -2.804026127 -0.992888451 0.013143296 -0.118320495 83.987754822
-0.118492171 0.074818544 0.990132213 52.365226746 0.021191884 0.997120559 -0.072810523 -2.889486074 -0.992728829 0.012355288 -0.119736530 83.856040955
-0.119798072 0.077793531 0.989745796 53.416271210 0.022342689 0.996883988 -0.075650267 -2.968937635 -0.992546797 0.013050829 -0.121162914 83.729965210
-0.119993515 0.080690384 0.989490151 54.471866608 0.023160538 0.996647775 -0.078465454 -3.053962231 -0.992504478 0.013501776 -0.121460095 83.592224121
-0.120670520 0.081328720 0.989355505 55.526393890 0.021664845 0.996616662 -0.079283185 -3.143053532 -0.992456198 0.011867094 -0.122024223 83.469848633
-0.120307721 0.080016851 0.989506662 56.582939148 0.018938465 0.996749997 -0.078299977 -3.233054161 -0.992555976 0.009319648 -0.121432096 83.343002319
-0.120770954 0.079060286 0.989527106 57.646270752 0.014916758 0.996855438 -0.077825241 -3.323092699 -0.992568254 0.005361510 -0.121570513 83.223823547
-0.120564595 0.080425031 0.989442229 58.715480804 0.011173169 0.996759593 -0.079658359 -3.408688068 -0.992642522 0.001451230 -0.121072531 83.097778320
-0.120847993 0.080365278 0.989412546 59.798660278 0.006950641 0.996761620 -0.080113240 -3.505134344 -0.992646635 -0.002804473 -0.121015221 82.973655701
-0.121409610 0.079889387 0.989382327 60.849395752 0.003431081 0.996783614 -0.080065981 -3.594604254 -0.992596567 -0.006326131 -0.121293224 82.856506348
-0.122081995 0.074530974 0.989717782 61.927238464 0.003474788 0.997202575 -0.074666016 -3.683669329 -0.992513955 -0.005676317 -0.121999457 82.739845276
-0.122335635 0.065876938 0.990300119 63.021907806 0.007030346 0.997827232 -0.065509185 -3.768635273 -0.992463887 -0.001051955 -0.122532956 82.602722168
-0.121566497 0.060574591 0.990733206 64.128898621 0.013173791 0.998146653 -0.059411392 -3.848820210 -0.992495775 0.005829278 -0.122139193 82.447662354
-0.121481508 0.062999114 0.990592420 65.219398499 0.021363011 0.997918606 -0.060845178 -3.920548677 -0.992363751 0.013770474 -0.122574486 82.314575195
-0.119937018 0.069087192 0.990374684 66.343345642 0.026596092 0.997441351 -0.066359282 -3.988852024 -0.992425144 0.018381160 -0.121467575 82.158599854
-0.118433528 0.074593514 0.990156174 67.417304993 0.031107809 0.996963620 -0.071385518 -4.070445061 -0.992474556 0.022347147 -0.120394371 82.021606445
-0.118188746 0.079112053 0.989834607 68.515930176 0.031512037 0.996618092 -0.075891592 -4.154018402 -0.992490947 0.022222182 -0.120282009 81.901794434
-0.117706470 0.076300859 0.990112782 69.660171509 0.028935332 0.996884108 -0.073382787 -4.240962982 -0.992626727 0.020011613 -0.119547494 81.757827759
-0.116988748 0.071791276 0.990535021 70.786163330 0.028052010 0.997224808 -0.068963006 -4.326900482 -0.992736995 0.019718604 -0.118677944 81.619331360
-0.116827890 0.069765702 0.990698636 71.923568726 0.026270783 0.997397661 -0.067139477 -4.413715839 -0.992804587 0.018182667 -0.118356653 81.487434387
-0.116924711 0.070521779 0.990633726 73.052474976 0.023831634 0.997387648 -0.068189718 -4.489516735 -0.992854834 0.015635354 -0.118299924 81.362609863
-0.116644457 0.075913250 0.990268230 74.188117981 0.025120268 0.996981144 -0.073468909 -4.574422836 -0.992856085 0.016306065 -0.118199274 81.230064392
-0.115671456 0.078549989 0.990176737 75.315864563 0.024941137 0.996783555 -0.076160491 -4.664008617 -0.992974341 0.015886536 -0.117258534 81.094131470
-0.115132116 0.077641472 0.990311205 76.464561462 0.024923211 0.996852696 -0.075256780 -4.749919415 -0.993037462 0.016017262 -0.116704836 80.961257935
-0.114613712 0.070647135 0.990894914 77.603492737 0.026469953 0.997331083 -0.068044350 -4.844946861 -0.993057430 0.018430134 -0.116177842 80.826759338
-0.115249552 0.069003925 0.990936935 78.757034302 0.025607556 0.997459173 -0.066479869 -4.930820465 -0.993006408 0.017713703 -0.116723731 80.699005127
-0.115082994 0.072136894 0.990733087 79.906539917 0.022787452 0.997289002 -0.069967248 -5.011641502 -0.993094504 0.014524240 -0.116414823 80.575805664
-0.114990614 0.075348936 0.990504742 81.056159973 0.021819329 0.997070134 -0.073315293 -5.094653130 -0.993126988 0.013181578 -0.116297767 80.452827454
-0.114389345 0.074836947 0.990613222 82.244789124 0.021111535 0.997116506 -0.072890431 -5.183800220 -0.993211687 0.012575477 -0.115639433 80.312919617
-0.114349432 0.071475103 0.990866065 83.408630371 0.020289158 0.997368395 -0.069602713 -5.268503189 -0.993233383 0.012144807 -0.115498699 80.172569275
-0.113166876 0.070655294 0.991060615 84.590446472 0.020634107 0.997420311 -0.068752535 -5.351488113 -0.993361712 0.012669140 -0.114332855 80.032516479
-0.112121098 0.071151689 0.991143882 85.767692566 0.022720238 0.997356057 -0.069027454 -5.443631649 -0.993434846 0.014779592 -0.113441221 79.908187866
-0.111085124 0.070886336 0.991279602 86.962142944 0.024360666 0.997347355 -0.068590336 -5.534700394 -0.993512273 0.016528865 -0.112517320 79.757637024
-0.109850794 0.070313215 0.991457939 88.147491455 0.023979111 0.997391760 -0.068077229 -5.622019768 -0.993658781 0.016295942 -0.111250356 79.630363464
-0.108588174 0.070893802 0.991555691 89.356018066 0.025352249 0.997326851 -0.068530023 -5.710147858 -0.993763506 0.017696617 -0.110095248 79.492156982
-0.107039444 0.069329262 0.991834641 90.557189941 0.025617938 0.997427106 -0.066955455 -5.794115067 -0.993924797 0.018241886 -0.108540110 79.358947754
-0.106720179 0.068300150 0.991940498 91.760704041 0.024077682 0.997522891 -0.066094071 -5.884978294 -0.993997574 0.016830055 -0.108100332 79.248939514
-0.105341576 0.067363895 0.992151856 92.959075928 0.024901956 0.997568786 -0.065087728 -5.970526695 -0.994124234 0.017850079 -0.106762961 79.116485596
-0.103644982 0.068368711 0.992261767 94.179428101 0.022851676 0.997535050 -0.066345118 -6.056462288 -0.994351864 0.015798505 -0.104951844 78.989837646
-0.102487355 0.071030341 0.992195010 95.398437500 0.022732755 0.997354031 -0.069051519 -6.138789177 -0.994474471 0.015478420 -0.103830889 78.875473022
-0.101580195 0.069850251 0.992372096 96.625518799 0.020096883 0.997472405 -0.068152122 -6.224592209 -0.994624376 0.013020680 -0.102727205 78.755119324
-0.101060167 0.068336569 0.992530525 97.858963013 0.017158478 0.997609437 -0.066939168 -6.323875904 -0.994732261 0.010265431 -0.101991124 78.642478943
-0.100974239 0.069453873 0.992461801 99.096801758 0.014395499 0.997557819 -0.068345889 -6.410191536 -0.994784832 0.007385809 -0.101727471 78.520515442
-0.101013981 0.069015682 0.992488384 100.317359924 0.011278080 0.997606218 -0.068223730 -6.496293068 -0.994821072 0.004301813 -0.101550579 78.398605347
-0.102066234 0.066359006 0.992561758 101.564575195 0.008349443 0.997794569 -0.065850273 -6.587844372 -0.994742572 0.001566250 -0.102395207 78.272628784
-0.103311338 0.064957462 0.992525697 102.813316345 0.006193386 0.997887909 -0.064663738 -6.676725864 -0.994629800 -0.000533403 -0.103495441 78.153320312
-0.105869345 0.064443648 0.992289662 104.076110840 0.004038013 0.997917533 -0.064378314 -6.762266159 -0.994371891 -0.002808812 -0.105909094 78.042472839
-0.106459521 0.063943483 0.992258847 105.320808411 0.004359617 0.997950435 -0.063842535 -6.862401009 -0.994307458 -0.002470774 -0.106520079 77.901878357
-0.108864591 0.062483348 0.992090881 106.576728821 0.003886705 0.998041630 -0.062431626 -6.948990822 -0.994048953 -0.002940629 -0.108894244 77.770706177
-0.111964725 0.057893701 0.992024302 107.845344543 0.000590216 0.998305142 -0.058193631 -7.033096790 -0.993712008 -0.005930125 -0.111809127 77.638275146
-0.116276361 0.057958160 0.991524398 109.102622986 -0.000254043 0.998294175 -0.058383673 -7.113243580 -0.993216872 -0.007040531 -0.116063282 77.495086670
-0.121759787 0.063813470 0.990506113 110.336059570 -0.004690968 0.997883141 -0.064865366 -7.200052261 -0.992548525 -0.012544427 -0.121202648 77.353881836
-0.129316807 0.066424757 0.989376068 111.557716370 -0.003914786 0.997711837 -0.067496106 -7.289740562 -0.991595685 -0.012601571 -0.128760844 77.207252502
-0.137775987 0.063144222 0.988448560 112.805091858 -0.001620977 0.997950077 -0.063977137 -7.377133846 -0.990462065 -0.010416767 -0.137391180 77.030899048
-0.148374811 0.061286584 0.987030327 114.033943176 0.000487958 0.998082280 -0.061899468 -7.464260578 -0.988931060 -0.008702694 -0.148120195 76.846893311
-0.161502451 0.061907928 0.984928548 115.242507935 0.000720259 0.998037696 -0.062613778 -7.555686474 -0.986871958 -0.009402874 -0.161230102 76.657035828
-0.175516844 0.061909124 0.982527912 116.462539673 0.002926910 0.998049140 -0.062364262 -7.644274235 -0.984472036 -0.008070205 -0.175355613 76.441123962
-0.190132648 0.059993047 0.979923606 117.683822632 0.002988673 0.998161912 -0.060529742 -7.727854252 -0.981753886 -0.008580009 -0.189962462 76.219474792
-0.205124110 0.062522799 0.976736903 118.883712769 0.007228568 0.998027086 -0.062367558 -7.816219330 -0.978709340 -0.005732680 -0.205171391 75.963836670
-0.220863983 0.065980144 0.973070264 120.061912537 0.007233568 0.997792423 -0.066014625 -7.901720524 -0.975277781 -0.007541482 -0.220853686 75.709167480
-0.236266628 0.070084050 0.969157577 121.229301453 0.006553990 0.997487783 -0.070534974 -7.986608982 -0.971666157 -0.010313212 -0.236132413 75.433563232
-0.251966864 0.068025440 0.965342045 122.405990601 0.003909918 0.997589767 -0.069277324 -8.082866669 -0.967727959 -0.013681179 -0.251625538 75.136383057
-0.267857730 0.062062770 0.961457491 123.568183899 -0.002077229 0.997883439 -0.064992815 -8.177881241 -0.963456273 -0.019405993 -0.267161876 74.830032349
-0.283933669 0.058235485 0.957073808 124.737648010 -0.005424869 0.998040497 -0.062337581 -8.261372566 -0.958828568 -0.022891734 -0.283061355 74.505867004
-0.299379706 0.059534635 0.952274799 125.884078979 -0.007379757 0.997877121 -0.064705692 -8.347904205 -0.954105496 -0.026399128 -0.298304766 74.164497375
-0.313252568 0.061823033 0.947655320 127.024444580 -0.007035433 0.997700334 -0.067413449 -8.431829453 -0.949643791 -0.027784608 -0.312097192 73.786994934
-0.326898545 0.063885145 0.942897558 128.158950806 -0.005523644 0.997566402 -0.069504187 -8.524152756 -0.945043385 -0.027929051 -0.325750083 73.400909424
-0.341644466 0.063543305 0.937678695 129.287872314 -0.003674340 0.997613788 -0.068943635 -8.621746063 -0.939822018 -0.026999565 -0.340595722 73.006683350
-0.355666012 0.061559536 0.932583630 130.413085938 -0.003945464 0.997720540 -0.067363918 -8.713385582 -0.934604704 -0.027638528 -0.354612440 72.591865540
-0.369891793 0.060418695 0.927108169 131.531005859 -0.003776906 0.997777224 -0.066531010 -8.807563782 -0.929067135 -0.028110873 -0.368841410 72.144561768
-0.384708256 0.061833255 0.920964897 132.630920410 -0.005176105 0.997593522 -0.069140255 -8.898948669 -0.923023701 -0.031365838 -0.383462310 71.699020386
-0.399844944 0.063736841 0.914364040 133.721466064 -0.004619877 0.997426510 -0.071547031 -8.989236832 -0.916571140 -0.032831974 -0.398521572 71.242233276
-0.414455295 0.065686285 0.907696068 134.811859131 -0.003244665 0.997278750 -0.073650524 -9.081315041 -0.910063863 -0.033470027 -0.413114369 70.755027771
-0.428982526 0.068077199 0.900743842 135.890258789 -0.000552508 0.997136116 -0.075625531 -9.178461075 -0.903312624 -0.032939706 -0.427716374 70.239898682
-0.443677843 0.071236424 0.893350601 136.961959839 -0.000809178 0.996803582 -0.079887711 -9.278314590 -0.896185994 -0.036167286 -0.442202032 69.718833923
-0.458925456 0.073609136 0.885420442 138.031387329 -0.000143414 0.996555984 -0.082922705 -9.379377365 -0.888474762 -0.038182318 -0.457334459 69.176727295
-0.474206984 0.070830986 0.877559602 139.098022461 -0.001541094 0.996690214 -0.081279211 -9.481788635 -0.880412102 -0.039895568 -0.472528279 68.615066528
-0.490322560 0.066430397 0.869005561 140.164123535 -0.004308518 0.996893942 -0.078637719 -9.583436966 -0.871530354 -0.042301986 -0.488513410 68.034866333
-0.506244004 0.066572100 0.859816849 141.223999023 -0.004864503 0.996779740 -0.080040693 -9.684570312 -0.862376511 -0.044702705 -0.504289985 67.424919128
-0.522396147 0.065643094 0.850172460 142.269256592 -0.005992178 0.996725261 -0.080640599 -9.785779953 -0.852681875 -0.047220726 -0.520292103 66.799621582
-0.537896991 0.064932391 0.840506196 143.305084229 -0.006483051 0.996681213 -0.081146456 -9.883867264 -0.842985690 -0.049097478 -0.535690784 66.140083313
-0.553847075 0.064177059 0.830141425 144.340621948 -0.007640343 0.996591330 -0.082142472 -9.993799210 -0.832583368 -0.051836945 -0.551468790 65.476119995
-0.569199026 0.063699052 0.819728553 145.361145020 -0.007916328 0.996523619 -0.082934245 -10.097318649 -0.822161615 -0.053695332 -0.566716075 64.779380798
-0.584169388 0.061270915 0.809315681 146.373870850 -0.008029895 0.996661365 -0.081250325 -10.199987411 -0.811592042 -0.053962667 -0.581727028 64.055099487
-0.599018395 0.057798557 0.798646450 147.376296997 -0.007849823 0.996919751 -0.078035407 -10.308040619 -0.800696790 -0.053013880 -0.596719503 63.317951202
-0.613965213 0.055962056 0.787346780 148.376007080 -0.007379647 0.997032940 -0.076620452 -10.410960197 -0.789298594 -0.052852627 -0.611730576 62.547225952
-0.628183365 0.054745167 0.776136935 149.351989746 -0.007731707 0.997033119 -0.076583989 -10.510641098 -0.778026938 -0.054109648 -0.625896335 61.760944366
-0.643467724 0.055632699 0.763448894 150.323745728 -0.009033444 0.996734142 -0.080246031 -10.621891022 -0.765419900 -0.058532316 -0.640863717 60.972248077
-0.658736527 0.054956015 0.750363827 151.280212402 -0.011229299 0.996499538 -0.082840867 -10.727856636 -0.752289772 -0.062996373 -0.655813575 60.154914856
-0.674671829 0.051621478 0.736310482 152.230606079 -0.013158455 0.996551752 -0.081923477 -10.837838173 -0.738000512 -0.064960167 -0.671666145 59.316200256
-0.690900743 0.043974806 0.721610904 153.161575317 -0.016747527 0.996906936 -0.076786079 -10.949150085 -0.722755492 -0.065136760 -0.688027322 58.451751709
-0.707707047 0.041513331 0.705285311 154.087356567 -0.017795546 0.996908069 -0.076535001 -11.052322388 -0.706281781 -0.066715300 -0.704780221 57.550739288
-0.725237429 0.038853351 0.687401652 154.987548828 -0.019306356 0.996866167 -0.076713920 -11.157531738 -0.688228130 -0.068907022 -0.722214580 56.627727509
-0.742555678 0.035204504 0.668858349 155.864761353 -0.022548674 0.996737719 -0.077495173 -11.259248734 -0.669404626 -0.072626352 -0.739339471 55.685993195
-0.759030163 0.033031650 0.650217116 156.705963135 -0.022175832 0.996820927 -0.076526403 -11.371814728 -0.650677681 -0.072504953 -0.755884528 54.726295471
-0.775179744 0.035252564 0.630756378 157.532821655 -0.019989029 0.996573150 -0.080263726 -11.474786758 -0.631424367 -0.074827023 -0.771818697 53.735553741
-0.790103078 0.035090458 0.611968696 158.329986572 -0.016007233 0.996838450 -0.077825673 -11.590572357 -0.612764955 -0.071286239 -0.787043393 52.722797394
-0.804687023 0.036274731 0.592589915 159.108810425 -0.012064519 0.996926427 -0.077408329 -11.703899384 -0.593576670 -0.069438808 -0.801776111 51.684570312
-0.818864286 0.037441105 0.572764635 159.839385986 -0.010223780 0.996760488 -0.079773970 -11.815894127 -0.573895991 -0.071179882 -0.815828919 50.643455505
-0.832852066 0.038622972 0.552146614 160.584823608 -0.009800303 0.996376932 -0.084479816 -11.931652069 -0.553408921 -0.075770393 -0.829455972 49.562854767
-0.845930576 0.038890515 0.531873047 161.286163330 -0.007222459 0.996410429 -0.084344611 -12.047539711 -0.533244073 -0.075191118 -0.842613220 48.475921631
-0.857544720 0.037142847 0.513066709 161.957672119 -0.005734727 0.996637583 -0.081735432 -12.170170784 -0.514377475 -0.073034100 -0.854448259 47.370376587
-0.868102193 0.038756788 0.494870156 162.604187012 -0.003053276 0.996511459 -0.083399929 -12.285447121 -0.496376157 -0.073910631 -0.864955485 46.255638123
-0.877530336 0.041660201 0.477707952 163.219619751 -0.000266389 0.996176362 -0.087364435 -12.396527290 -0.479521006 -0.076792188 -0.874163926 45.136219025
-0.886574328 0.039311200 0.460912734 163.823699951 -0.002010076 0.996045768 -0.088819072 -12.516824722 -0.462581754 -0.079671167 -0.882989585 44.006710052
-0.894884408 0.036633030 0.444792002 164.410079956 -0.002962384 0.996116042 -0.088000089 -12.641460419 -0.446288228 -0.080067545 -0.891300201 42.868003845
-0.902070165 0.034582417 0.430201560 164.973098755 -0.003912066 0.996088445 -0.088275149 -12.763253212 -0.431571543 -0.081313357 -0.898406446 41.713073730
-0.908686936 0.032616444 0.416202456 165.520095825 -0.004385707 0.996142566 -0.087639689 -12.888542175 -0.417455554 -0.081462368 -0.905038536 40.542785645
-0.915113211 0.029896099 0.402087033 166.050903320 -0.005571600 0.996214330 -0.086751282 -13.010820389 -0.403158426 -0.081627518 -0.911482334 39.385772705
-0.920632720 0.025066940 0.389624178 166.569107056 -0.007971355 0.996522009 -0.082947753 -13.137239456 -0.390348375 -0.079470232 -0.917230964 38.166576385
-0.925807834 0.021526907 0.377381206 167.058349609 -0.009282472 0.996781170 -0.079631418 -13.247808456 -0.377880752 -0.077226415 -0.922627866 37.000839233
-0.930188000 0.022297693 0.366405606 167.563247681 -0.006438096 0.997008979 -0.077017494 -13.354981422 -0.367026985 -0.073999688 -0.927262247 35.768501282
-0.933394432 0.026431413 0.357877135 168.029495239 -0.002060672 0.996872485 -0.078999661 -13.460236549 -0.358845949 -0.074475303 -0.930420876 34.573032379
-0.935832202 0.031669714 0.351020068 168.490692139 0.003477361 0.996735871 -0.080656700 -13.571039200 -0.352428675 -0.074260503 -0.932887733 33.359703064
-0.937610745 0.035727836 0.345846057 168.935836792 0.007427778 0.996537566 -0.082810752 -13.690456390 -0.347607225 -0.075075381 -0.934629798 32.141540527
-0.939528883 0.032355029 0.340937734 169.381637573 0.005031717 0.996723771 -0.080723204 -13.814851761 -0.342432559 -0.074126296 -0.936613739 30.942636490
-0.941506088 0.024403166 0.336111188 169.835296631 -0.001516822 0.997057617 -0.076639712 -13.932641983 -0.336992472 -0.072666578 -0.938698888 29.752355576
-0.943212807 0.019505434 0.331615776 170.280487061 -0.005904364 0.997132480 -0.075444460 -14.029932022 -0.332136482 -0.073118173 -0.940393031 28.515504837
-0.944859743 0.013037354 0.327215463 170.715377808 -0.013151518 0.996890426 -0.077695467 -14.127417564 -0.327210844 -0.077714697 -0.941750228 27.305953979
-0.946179807 0.010327617 0.323476374 171.147796631 -0.016540140 0.996641517 -0.080200195 -14.236953735 -0.323218286 -0.081234165 -0.942831337 26.094678879
-0.946860313 0.010502459 0.321473628 171.566009521 -0.016822634 0.996481776 -0.082103744 -14.352052689 -0.321204901 -0.083148800 -0.943352401 24.883779526
-0.947021961 0.011275365 0.320970714 171.982604980 -0.016814793 0.996272266 -0.084609933 -14.461791039 -0.320728272 -0.085524514 -0.943302095 23.656585693
-0.946915686 0.013645167 0.321191967 172.397171021 -0.014968833 0.996143758 -0.086449154 -14.578037262 -0.321133018 -0.086667933 -0.943060040 22.453945160
-0.946383715 0.014987786 0.322696865 172.813262939 -0.014259218 0.996011436 -0.088078640 -14.698040009 -0.322729945 -0.087957583 -0.942395270 21.222587585
-0.946253955 0.016105028 0.323023796 173.239959717 -0.013640336 0.995883584 -0.089609347 -14.824778557 -0.323137313 -0.089199334 -0.942138851 20.022624969
-0.945315123 0.017317772 0.325698406 173.652450562 -0.012444611 0.995947123 -0.089075238 -14.947756767 -0.325920969 -0.088257365 -0.941268384 18.810173035
-0.944540203 0.016752852 0.327968299 174.079910278 -0.013416457 0.995895565 -0.089510113 -15.070611954 -0.328121692 -0.088946059 -0.940438569 17.598606110
-0.943154454 0.015803289 0.331978828 174.505676270 -0.014710963 0.995904863 -0.089202330 -15.196210861 -0.332029015 -0.089015298 -0.939059615 16.405635834
-0.941686630 0.014179504 0.336192071 174.945434570 -0.015914707 0.996116877 -0.086590707 -15.320484161 -0.336114377 -0.086891718 -0.937804222 15.220855713
-0.939896464 0.012131301 0.341243804 175.396713257 -0.017501839 0.996343493 -0.083626032 -15.444219589 -0.341010511 -0.084572203 -0.936247468 14.035964966
-0.937174618 0.009571584 0.348729074 175.839233398 -0.019780615 0.996557415 -0.080510996 -15.559932709 -0.348299116 -0.082350940 -0.933759093 12.841228485
-0.934613466 0.011564495 0.355476916 176.293518066 -0.018549362 0.996526003 -0.081188969 -15.664896011 -0.355180919 -0.082474180 -0.931152225 11.672908783
-0.931184947 0.012233083 0.364341766 176.749008179 -0.018374804 0.996591508 -0.080423750 -15.783513069 -0.364083618 -0.081584089 -0.927786171 10.491176605
-0.927515149 0.014946948 0.373486549 177.220046997 -0.017286062 0.996415854 -0.082804747 -15.893758774 -0.373385638 -0.083258785 -0.923932433 9.341144562
-0.923117161 0.015927348 0.384188861 177.706405640 -0.016888004 0.996498287 -0.081889868 -16.007831573 -0.384147853 -0.082082115 -0.919615686 8.161289215
-0.918186605 0.018894844 0.395697266 178.211669922 -0.015150520 0.996456206 -0.082737215 -16.122924805 -0.395858228 -0.081963234 -0.914646506 6.991897583
-0.912947714 0.020298945 0.407571465 178.737304688 -0.015311470 0.996354818 -0.083920300 -16.237388611 -0.407789290 -0.082855366 -0.909309030 5.872547150
-0.907141507 0.022118319 0.420244068 179.277923584 -0.014257858 0.996429026 -0.083221242 -16.356212616 -0.420584112 -0.081485227 -0.903586864 4.734504700
-0.900067449 0.022536863 0.435167342 179.827484131 -0.014256309 0.996604025 -0.081099756 -16.461530685 -0.435517341 -0.079199135 -0.896689475 3.542633057
-0.893649817 0.025087472 0.448063314 180.398345947 -0.012792762 0.996606290 -0.081315726 -16.578134537 -0.448582679 -0.078399740 -0.890296042 2.412513733
-0.886808157 0.027571628 0.461314499 180.967712402 -0.010824746 0.996705532 -0.080379598 -16.686872482 -0.462010920 -0.076274887 -0.883588135 1.304061890
-0.879245400 0.029140541 0.475477219 181.561096191 -0.009415949 0.996869087 -0.078506880 -16.786716461 -0.476276338 -0.073503874 -0.876218081 0.205513000
-0.871834576 0.030582838 0.488844812 182.177337646 -0.007521412 0.997095168 -0.075793847 -16.895166397 -0.489742726 -0.069756508 -0.869072020 -0.879570007
-0.863075376 0.034202211 0.503915787 182.791107178 -0.003721016 0.997246921 -0.074059129 -16.997182846 -0.505061448 -0.065793693 -0.860571980 -1.964454651
-0.854963124 0.036783978 0.517382801 183.435607910 -0.001226769 0.997336090 -0.072934054 -17.099632263 -0.518687308 -0.062990636 -0.852640390 -2.985496521
-0.843811214 0.040540628 0.535106599 184.074645996 0.002651896 0.997445226 -0.071386434 -17.197330475 -0.536633551 -0.058817644 -0.841762960 -4.033981323
-0.833149910 0.043328632 0.551347256 184.746932983 0.005209646 0.997496903 -0.070517749 -17.294998169 -0.553022563 -0.055879533 -0.831290305 -5.046684265
-0.821538687 0.045034729 0.568371356 185.424926758 0.007266592 0.997621715 -0.068542928 -17.407779694 -0.570106447 -0.052180544 -0.819912076 -6.046936035
-0.810485542 0.046647053 0.583898246 186.141967773 0.007961384 0.997609317 -0.068647139 -17.502536774 -0.585704505 -0.050988872 -0.808919191 -7.015235901
-0.797253907 0.049394280 0.601619780 186.868377686 0.010113213 0.997599602 -0.068503246 -17.595073700 -0.603559375 -0.048530184 -0.795839727 -7.998550415
-0.783401072 0.050520595 0.619459689 187.623016357 0.011755765 0.997716904 -0.066502757 -17.682834625 -0.621405184 -0.044816103 -0.782206535 -8.961227417
-0.768090248 0.053161357 0.638131022 188.390136719 0.014744187 0.997751892 -0.065373681 -17.769344330 -0.640171826 -0.040804170 -0.767147362 -9.896820068
