1.000000000 0.000000000 0.000000000 0.000000000 0.000000000 1.000000000 0.000000000 0.000000000 0.000000000 0.000000000 1.000000000 0.000000000
0.999997973 -0.001538945 -0.001313841 -0.008308278 0.001537844 0.999998450 -0.000838342 -0.011236207 0.001315130 0.000836320 0.999998808 0.571422338
0.999994993 -0.001989520 -0.002471256 -0.014988623 0.001983693 0.999995232 -0.002358155 -0.022668747 0.002475936 0.002353241 0.999994159 1.141910791
0.999987006 -0.002561455 -0.004406627 -0.022969522 0.002546377 0.999990880 -0.003423774 -0.040600542 0.004415357 0.003412508 0.999984443 1.718827963
0.999942183 -0.005341292 -0.009344657 0.028425505 0.005300049 0.999976158 -0.004432724 -0.064587176 0.009368112 0.004382940 0.999946475 2.318084955
0.999911487 -0.007696072 -0.010854239 0.019226026 0.007626696 0.999950290 -0.006418584 -0.075471826 0.010903098 0.006335235 0.999920487 2.889244795
0.999886155 -0.008681518 -0.012339748 0.007873937 0.008592830 0.999936938 -0.007222187 -0.086469993 0.012401669 0.007115332 0.999897778 3.472496986
0.999862552 -0.008900100 -0.013986929 -0.003246158 0.008810236 0.999940157 -0.006473333 -0.103542089 0.014043706 0.006349214 0.999881208 4.064743042
0.999843538 -0.009287385 -0.015056489 -0.017785821 0.009184849 0.999934256 -0.006864967 -0.118682109 0.015119257 0.006725601 0.999863029 4.663911819
0.999830425 -0.008614720 -0.016273253 -0.036326665 0.008459859 0.999918520 -0.009561205 -0.134328648 0.016354293 0.009421915 0.999821842 5.275778770
0.999820054 -0.007083920 -0.017594157 -0.050250445 0.006852312 0.999889553 -0.013189442 -0.156556025 0.017685644 0.013066508 0.999758184 5.873333454
0.999807000 -0.005819212 -0.018758850 -0.072898641 0.005504613 0.999844074 -0.016778871 -0.171739623 0.018853566 0.016672373 0.999683201 6.492701054
0.999795735 -0.003958084 -0.019817049 -0.098208219 0.003623885 0.999851167 -0.016871849 -0.185076863 0.019880876 0.016796587 0.999661267 7.134561539
0.999771655 -0.001538482 -0.021309646 -0.112186030 0.001322570 0.999947667 -0.010142495 -0.196643114 0.021324137 0.010111998 0.999721467 7.777751923
0.999760807 -0.000519181 -0.021859063 -0.138013706 0.000527039 0.999999821 0.000353703 -0.211697131 0.021858877 -0.000365140 0.999761045 8.438345909
0.999744833 0.000385324 -0.022580821 -0.164926752 -0.000230544 0.999976397 0.006856695 -0.226786792 0.022582930 -0.006849742 0.999721527 9.139822006
0.999703944 0.002997664 -0.024145015 -0.184846014 -0.002857939 0.999978960 0.005819322 -0.242824346 0.024161955 -0.005748596 0.999691546 9.818440437
0.999692798 0.005044418 -0.024264568 -0.222187459 -0.005081025 0.999985933 -0.001447222 -0.247728392 0.024256928 0.001570067 0.999704540 10.519083023
0.999663174 0.004702726 -0.025523625 -0.245048195 -0.004886403 0.999962568 -0.007138799 -0.252343535 0.025489097 0.007261114 0.999648690 11.236012459
0.999639809 0.002126787 -0.026749689 -0.273341030 -0.002282612 0.999980569 -0.005796110 -0.252453983 0.026736842 0.005855082 0.999625325 11.991884232
0.999616563 0.001871595 -0.027623300 -0.288929194 -0.001778669 0.999992609 0.003388226 -0.267021120 0.027629433 -0.003337794 0.999612629 12.747651100
0.999609530 0.001312372 -0.027910626 -0.321017563 -0.001014434 0.999942362 0.010686195 -0.273056537 0.027923036 -0.010653710 0.999553323 13.536622047
0.999602914 0.000653955 -0.028169783 -0.354573131 -0.000281568 0.999912441 0.013221342 -0.279433399 0.028175963 -0.013208161 0.999515712 14.329937935
0.999590218 -0.001217107 -0.028598944 -0.377753466 0.001568937 0.999923289 0.012282971 -0.283081293 0.028581798 -0.012322807 0.999515474 15.158044815
0.999609590 -0.001810957 -0.027879443 -0.413240165 0.002081137 0.999951124 0.009665053 -0.279603809 0.027860576 -0.009719300 0.999564528 15.992527008
0.999616146 0.000928004 -0.027687954 -0.445248872 -0.000755289 0.999980211 0.006247737 -0.283306271 0.027693203 -0.006224426 0.999597073 16.852169037
0.999646008 -0.002139320 -0.026519120 -0.481805831 0.002165346 0.999997258 0.000952740 -0.292887896 0.026517009 -0.001009826 0.999647856 17.725021362
0.999634743 -0.005345977 -0.026492404 -0.493554950 0.005211529 0.999973178 -0.005141426 -0.305433482 0.026519177 0.005001481 0.999635816 18.620231628
0.999669969 -0.004028945 -0.025375240 -0.526177227 0.003767192 0.999939203 -0.010354661 -0.319707394 0.025415421 0.010255650 0.999624372 19.526109695
0.999675751 -0.002686904 -0.025321335 -0.561350524 0.002395419 0.999930501 -0.011534784 -0.332654566 0.025350573 0.011470390 0.999612808 20.451725006
0.999661326 -0.002843378 -0.025869425 -0.596666217 0.002561655 0.999937057 -0.010916868 -0.355028868 0.025898842 0.010846902 0.999605715 21.410242081
0.999670625 -0.000693633 -0.025654592 -0.629090905 0.000380363 0.999925315 -0.012213945 -0.384774059 0.025661148 0.012200164 0.999596238 22.358469009
0.999668777 0.002012046 -0.025654178 -0.666141510 -0.002382738 0.999893010 -0.014427193 -0.407015324 0.025622407 0.014483541 0.999566734 23.326034546
0.999645054 0.005353975 -0.026097534 -0.703460813 -0.005748065 0.999870181 -0.015049091 -0.432371765 0.026013577 0.015193760 0.999546111 24.304845810
0.999645054 0.007682570 -0.025507992 -0.747575402 -0.008065092 0.999856055 -0.014927333 -0.463894308 0.025389642 0.015127757 0.999563098 25.289987564
0.999629498 0.008087358 -0.025989028 -0.781793594 -0.008487870 0.999846339 -0.015337604 -0.491957009 0.025860997 0.015552515 0.999544501 26.291559219
0.999627471 0.007903761 -0.026120413 -0.816611230 -0.008298918 0.999852240 -0.015054650 -0.523257732 0.025997562 0.015265811 0.999545455 27.293581009
0.999603450 0.009202102 -0.026613744 -0.856061995 -0.009573668 0.999858022 -0.013867938 -0.556297243 0.026482347 0.014117232 0.999549568 28.307613373
0.999582529 0.009993792 -0.027109666 -0.882895589 -0.010318772 0.999876261 -0.011874265 -0.587350607 0.026987642 0.012149044 0.999561965 29.337451935
0.999577403 0.010379444 -0.027153773 -0.926827669 -0.010669072 0.999887466 -0.010543209 -0.619497776 0.027041283 0.010828459 0.999575675 30.374881744
0.999575734 0.010608271 -0.027126240 -0.971926510 -0.010924620 0.999873698 -0.011540561 -0.650826693 0.027000390 0.011832008 0.999565423 31.405572891
0.999546170 0.011909353 -0.027670229 -1.002278090 -0.012265821 0.999843478 -0.012748919 -0.675514460 0.027514067 0.013082532 0.999535799 32.457046509
0.999537230 0.011567440 -0.028134190 -1.043665051 -0.011901871 0.999860168 -0.011748729 -0.705165625 0.027994350 0.012078145 0.999535084 33.516078949
0.999516547 0.011545730 -0.028869487 -1.084356308 -0.011819379 0.999886632 -0.009326267 -0.732404470 0.028758535 0.009662978 0.999539614 34.578033447
0.999503732 0.011178331 -0.029449485 -1.121711850 -0.011348413 0.999919832 -0.005614664 -0.761478901 0.029384360 0.005946082 0.999550521 35.649749756
0.999482095 0.011458475 -0.030070312 -1.168030024 -0.011569539 0.999926746 -0.003522100 -0.782979131 0.030027755 0.003868176 0.999541581 36.727390289
0.999479175 0.010964440 -0.030350199 -1.214740992 -0.011044693 0.999935925 -0.002477870 -0.812970936 0.030321086 0.002811788 0.999536276 37.806079865
0.999455273 0.010970186 -0.031130452 -1.251106620 -0.011115295 0.999928117 -0.004492069 -0.830683887 0.031078937 0.004835646 0.999505162 38.902057648
0.999423444 0.011583618 -0.031917389 -1.296837687 -0.011752781 0.999917805 -0.005117534 -0.851049185 0.031855486 0.005489701 0.999477386 39.999534607
0.999409795 0.011164204 -0.032489438 -1.354943156 -0.011290731 0.999929428 -0.003713501 -0.876634777 0.032445688 0.004078139 0.999465108 41.101516724
0.999375343 0.011192994 -0.033520170 -1.396017194 -0.011261158 0.999934912 -0.001845362 -0.902700603 0.033497330 0.002221685 0.999436319 42.204212189
0.999345660 0.011374906 -0.034334451 -1.444367170 -0.011360549 0.999935329 0.000613246 -0.924576640 0.034339201 -0.000222786 0.999410212 43.311447144
0.999326587 0.012444491 -0.034518305 -1.502779722 -0.012422797 0.999922514 0.000842916 -0.953409970 0.034526113 -0.000413534 0.999403715 44.400035858
0.999299169 0.013609126 -0.034868978 -1.557617903 -0.013709514 0.999902606 -0.002641572 -0.984247625 0.034829628 0.003117757 0.999388337 45.517498016
0.999271095 0.015220969 -0.035008132 -1.598505497 -0.015477971 0.999855101 -0.007081887 -1.000688314 0.034895267 0.007618580 0.999361932 46.597793579
0.999262810 0.015889229 -0.034946959 -1.651747584 -0.016161008 0.999841094 -0.007508061 -1.024959087 0.034822114 0.008067306 0.999360919 47.696819305
0.999275863 0.016456697 -0.034305744 -1.712657452 -0.016630301 0.999850214 -0.004781241 -1.053471327 0.034221925 0.005348294 0.999399900 48.786540985
0.999265909 0.016251964 -0.034691595 -1.754142642 -0.016346207 0.999863386 -0.002434578 -1.088445067 0.034647293 0.002999868 0.999395072 49.912097931
0.999290049 0.014593712 -0.034731191 -1.803347945 -0.014639645 0.999892294 -0.001068548 -1.112372041 0.034711856 0.001576242 0.999396145 51.019378662
0.999290049 0.014458187 -0.034789503 -1.849429488 -0.014534244 0.999892473 -0.001934286 -1.137664676 0.034757793 0.002438552 0.999392748 52.135589600
0.999307930 0.014124323 -0.034414951 -1.903015971 -0.014262361 0.999891162 -0.003768769 -1.161108255 0.034357976 0.004256999 0.999400496 53.242366791
0.999317408 0.014293854 -0.034063805 -1.950252652 -0.014512712 0.999875546 -0.006186392 -1.183644295 0.033971138 0.006676528 0.999400496 54.346553802
0.999331892 0.013420073 -0.033995289 -1.997881055 -0.013711770 0.999871016 -0.008361951 -1.217616677 0.033878688 0.008822499 0.999386966 55.463481903
0.999361813 0.011568473 -0.033795159 -2.047018051 -0.011961126 0.999863029 -0.011439711 -1.253832579 0.033658192 0.011836636 0.999363303 56.543407440
0.999393284 0.009888209 -0.033393327 -2.094905615 -0.010337135 0.999858141 -0.013297815 -1.285375595 0.033257097 0.013634937 0.999353826 57.645210266
0.999413133 0.008174825 -0.033264890 -2.138282299 -0.008531072 0.999907672 -0.010581649 -1.322251558 0.033175316 0.010859223 0.999390543 58.750614166
0.999428034 0.006694374 -0.033148218 -2.187524557 -0.006874331 0.999962211 -0.005317909 -1.346989393 0.033111364 0.005542739 0.999436319 59.867172241
0.999442995 0.005621179 -0.032895587 -2.231364965 -0.005600913 0.999984086 0.000708191 -1.374777317 0.032899044 -0.000523551 0.999458492 60.973628998
0.999450684 0.003506811 -0.032955222 -2.275021315 -0.003468251 0.999993205 0.001227150 -1.395226002 0.032959301 -0.001112179 0.999456048 62.074470520
0.999457777 0.000389415 -0.032923888 -2.315870523 -0.000434817 0.999999046 -0.001371857 -1.417682290 0.032923315 0.001385429 0.999456942 63.185825348
0.999466181 -0.000955523 -0.032657146 -2.368005037 0.000798743 0.999988079 -0.004813488 -1.439313412 0.032661360 0.004784836 0.999455035 64.288795471
0.999472380 0.001363630 -0.032453060 -2.424089432 -0.001643571 0.999961615 -0.008600929 -1.470394015 0.032440089 0.008649729 0.999436319 65.391265869
0.999464452 0.000868288 -0.032715157 -2.465552330 -0.001293612 0.999914825 -0.012981919 -1.499650598 0.032701109 0.013017283 0.999380350 66.494552612
0.999487340 0.004361559 -0.031719513 -2.521145344 -0.004790974 0.999897718 -0.013474505 -1.530190349 0.031657502 0.013619566 0.999405980 67.599960327
0.999479175 0.007820155 -0.031308342 -2.571799517 -0.008140682 0.999915600 -0.010123385 -1.564103842 0.031226534 0.010372983 0.999458492 68.721130371
0.999479175 0.009110223 -0.030957356 -2.625238657 -0.009359653 0.999924779 -0.007921920 -1.595912695 0.030882858 0.008207546 0.999489367 69.833282471
0.999479353 0.008761535 -0.031050975 -2.663816452 -0.008988613 0.999933779 -0.007181055 -1.626754045 0.030986004 0.007456422 0.999491930 70.935768127
0.999486625 0.007067892 -0.031251013 -2.706592798 -0.007268491 0.999953687 -0.006309992 -1.656587124 0.031204967 0.006533899 0.999491632 72.057601929
0.999488950 0.006093372 -0.031377483 -2.757161140 -0.006255409 0.999967515 -0.005068543 -1.684015036 0.031345583 0.005262233 0.999494672 73.179199219
0.999490976 0.004830535 -0.031534519 -2.804625750 -0.004931734 0.999982953 -0.003132170 -1.710140586 0.031518850 0.003286096 0.999497771 74.274520874
0.999469101 0.003606887 -0.032381605 -2.848636627 -0.003667290 0.999991715 -0.001806156 -1.732984662 0.032374822 0.001923950 0.999473989 75.383850098
0.999453545 0.002853932 -0.032931581 -2.891531467 -0.002940589 0.999992251 -0.002583282 -1.767258525 0.032923959 0.002678708 0.999454200 76.483573914
0.999424756 0.003141650 -0.033765983 -2.936519623 -0.003357484 0.999974251 -0.006337225 -1.795291066 0.033745207 0.006446949 0.999409616 77.576850891
0.999408841 0.004123879 -0.034131151 -2.993027925 -0.004409427 0.999955893 -0.008295175 -1.823860049 0.034095436 0.008440772 0.999382913 78.681655884
0.999362409 0.005593590 -0.035264418 -3.034367800 -0.005830924 0.999960959 -0.006630863 -1.851998806 0.035225954 0.006832259 0.999355972 79.774154663
0.999354124 0.006957449 -0.035252731 -3.097926617 -0.007049017 0.999972105 -0.002473819 -1.879584551 0.035234537 0.002720718 0.999375284 80.883712769
0.999319434 0.008514361 -0.035890680 -3.151276112 -0.008471007 0.999963224 0.001359832 -1.902881026 0.035900947 -0.001054877 0.999354720 81.971023560
0.999294460 0.009377811 -0.036368411 -3.205203056 -0.009302164 0.999954164 0.002248626 -1.930202723 0.036387831 -0.001908734 0.999335945 83.066772461
0.999274611 0.009673958 -0.036831222 -3.271216393 -0.009680341 0.999953151 0.000004978 -1.948040843 0.036829550 0.000351564 0.999321461 84.128257751
0.999254584 0.009253155 -0.037481975 -3.311587811 -0.009286260 0.999956608 -0.000709245 -1.972338319 0.037473790 0.001056783 0.999297023 85.222297668
0.999242842 0.008522585 -0.037961822 -3.363898039 -0.008557259 0.999963105 -0.000751025 -2.000200272 0.037954018 0.001075306 0.999278903 86.293899536
0.999212801 0.007458853 -0.038962927 -3.408363819 -0.007482522 0.999972045 -0.000461727 -2.025685787 0.038958382 0.000752905 0.999240696 87.350036621
0.999202728 0.006159401 -0.039444897 -3.462219238 -0.006138319 0.999981046 0.000655550 -2.043242216 0.039448172 -0.000412902 0.999221563 88.391403198
0.999182820 0.006290241 -0.039925456 -3.517598867 -0.006146784 0.999974251 0.003714840 -2.074279308 0.039947793 -0.003466390 0.999195814 89.420684814
0.999146163 0.005404776 -0.040959217 -3.564077616 -0.005227266 0.999976456 0.004439662 -2.093291759 0.040982246 -0.004221766 0.999150932 90.397705078
0.999077916 0.004303219 -0.042718809 -3.621319294 -0.004104258 0.999980330 0.004744086 -2.113201618 0.042738374 -0.004564382 0.999075949 91.367568970
0.998939753 0.003749651 -0.045883771 -3.678066254 -0.003568179 0.999985456 0.004036339 -2.138656616 0.045898248 -0.003868338 0.998938620 92.312919617
0.998753190 0.003637491 -0.049787894 -3.726424456 -0.003499486 0.999989808 0.002858751 -2.153213978 0.049797788 -0.002680954 0.998755634 93.264488220
0.998612046 0.003184096 -0.052573051 -3.788402557 -0.003020877 0.999990463 0.003183774 -2.171664238 0.052582681 -0.003020538 0.998611987 94.167007446
0.998430192 0.004324718 -0.055842623 -3.850440979 -0.004081922 0.999981701 0.004461192 -2.196884871 0.055860892 -0.004226243 0.998429537 95.045036316
0.998258829 0.005569308 -0.058721658 -3.913639307 -0.005239821 0.999969661 0.005763464 -2.219702959 0.058751982 -0.005445738 0.998257756 95.898872375
0.998059809 0.006935698 -0.061874405 -3.974780560 -0.006495947 0.999952257 0.007305482 -2.235767126 0.061922122 -0.006889376 0.998057187 96.729187012
0.997895837 0.008205455 -0.064315625 -4.042315960 -0.007709809 0.999938607 0.007950885 -2.251507521 0.064376920 -0.007438295 0.997897863 97.528266907
0.997699082 0.010065316 -0.067045897 -4.103604794 -0.009525737 0.999919653 0.008362752 -2.267221689 0.067124680 -0.007704849 0.997714758 98.308891296
0.997507274 0.012061973 -0.069524832 -4.170689106 -0.011581657 0.999906182 0.007307522 -2.284544230 0.069606461 -0.006484093 0.997553468 99.043930054
0.997309387 0.012997958 -0.072146058 -4.228224754 -0.012787118 0.999912560 0.003383532 -2.296878338 0.072183721 -0.002451888 0.997388363 99.757949829
0.997090757 0.015629161 -0.074603952 -4.299928665 -0.015672529 0.999877155 0.000004135 -2.318092108 0.074594878 0.001165110 0.997213185 100.433601379
0.996917188 0.017392883 -0.076509722 -4.364144325 -0.017645556 0.999840796 -0.002627644 -2.332277298 0.076451853 0.003969600 0.997065365 101.075218201
0.996784985 0.019582037 -0.077693284 -4.420063496 -0.019924344 0.999794841 -0.003633122 -2.347140789 0.077606201 0.005169430 0.996970713 101.711120605
0.996801913 0.022032864 -0.076815233 -4.480301857 -0.022320462 0.999746621 -0.002887354 -2.368929625 0.076732188 0.004592672 0.997041106 102.312416077
0.996960700 0.025885738 -0.073480271 -4.545599937 -0.026062198 0.999659240 -0.001443465 -2.387004852 0.073417880 0.003354135 0.997295558 102.881752014
0.997258067 0.028455867 -0.068313032 -4.571702480 -0.028525865 0.999593079 -0.000049163 -2.403512955 0.068283834 0.001997716 0.997663915 103.406372070
0.997722924 0.029449701 -0.060677368 -4.610894680 -0.029382640 0.999566257 0.001997374 -2.417412996 0.060709871 -0.000209965 0.998155415 103.931900024
0.998236239 0.029137727 -0.051723883 -4.627181053 -0.028953260 0.999571443 0.004312229 -2.430558443 0.051827364 -0.002807048 0.998652041 104.441184998
0.998799503 0.028764229 -0.039650194 -4.649684906 -0.028563429 0.999576092 0.005621632 -2.443113804 0.039795086 -0.004482338 0.999197841 104.923927307
0.999258876 0.027962593 -0.026454590 -4.657184601 -0.027812360 0.999594986 0.006029952 -2.458951950 0.026612483 -0.005289718 0.999631822 105.382553101
0.999543190 0.027788544 -0.011886917 -4.651509762 -0.027729556 0.999602556 0.005098481 -2.471483707 0.012023870 -0.004766533 0.999916315 105.830413818
0.999640942 0.026256954 0.005340833 -4.627502441 -0.026266228 0.999653578 0.001673739 -2.477835178 -0.005295034 -0.001813422 0.999984324 106.242660522
0.999315917 0.025798170 0.026497686 -4.606784821 -0.025729490 0.999664664 -0.002929691 -2.488765478 -0.026564378 0.002245916 0.999644578 106.664688110
0.998438001 0.023726983 0.050583046 -4.569951534 -0.023356695 0.999695957 -0.007898986 -2.497749329 -0.050755087 0.006705195 0.998688579 107.070137024
0.996809781 0.021294393 0.076920949 -4.508909225 -0.020533923 0.999732196 -0.010663883 -2.511501551 -0.077127449 0.009050375 0.996980250 107.480148315
0.994147658 0.018360196 0.106458522 -4.441240311 -0.017215820 0.999783874 -0.011658680 -2.526260853 -0.106649570 0.009757678 0.994248748 107.879669189
0.990221977 0.016041901 0.138575092 -4.376276016 -0.014300701 0.999805927 -0.013551642 -2.538376808 -0.138765603 0.011437414 0.990259230 108.235511780
0.984699845 0.013121122 0.173763961 -4.301279068 -0.010758386 0.999836445 -0.014532335 -2.562118769 -0.173926234 0.012440570 0.984680116 108.571090698
0.977194309 0.009995633 0.212111592 -4.198431015 -0.006895071 0.999858379 -0.015352269 -2.569629908 -0.212235004 0.013539626 0.977124870 108.920944214
0.967952907 0.007625492 0.251015931 -4.086448669 -0.003740417 0.999865770 -0.015950868 -2.587318420 -0.251103848 0.014500783 0.967851639 109.211151123
0.956198812 0.008546274 0.292593300 -3.959405899 -0.003681025 0.999845684 -0.017174572 -2.600282431 -0.292694956 0.015345258 0.956082702 109.553504944
0.941689014 0.010783901 0.336311638 -3.821575165 -0.005052867 0.999826789 -0.017911378 -2.611940145 -0.336446553 0.015167609 0.941580355 109.869956970
0.924642086 0.010860040 0.380682260 -3.663440704 -0.004919440 0.999850512 -0.016574705 -2.627514124 -0.380805373 0.013452928 0.924557388 110.194618225
0.905095935 0.010024747 0.425089061 -3.494911194 -0.003767985 0.999871910 -0.015556918 -2.637614727 -0.425190538 0.012478773 0.905017793 110.493034363
0.883018136 0.009480650 0.469242930 -3.301567078 -0.001844561 0.999858379 -0.016730193 -2.644533396 -0.469335109 0.013907515 0.882910609 110.782722473
0.858828247 0.009614363 0.512173355 -3.095481873 -0.000154675 0.999828637 -0.018509116 -2.662983418 -0.512263536 0.015816931 0.858682573 111.064620972
0.832434058 0.011880958 0.553996563 -2.860637665 0.000528099 0.999752581 -0.022234119 -2.679293633 -0.554123759 0.018801004 0.832222044 111.366531372
0.801307261 0.015100712 0.598062396 -2.657527924 0.000219434 0.999673903 -0.025535168 -2.707312822 -0.598253012 0.020592747 0.801042616 111.654632568
0.767761886 0.021331567 0.640380144 -2.418621063 -0.003285626 0.999563515 -0.029357065 -2.721274853 -0.640726924 0.020435181 0.767496884 111.918930054
0.731153131 0.025853056 0.681723416 -2.152511597 -0.005065340 0.999459863 -0.032469992 -2.729625940 -0.682194531 0.020287372 0.730889201 112.177734375
0.693020940 0.026311684 0.720437109 -1.857864380 -0.003927552 0.999456823 -0.032723896 -2.752397299 -0.720906794 0.019848788 0.692747712 112.416267395
0.654754400 0.022904608 0.755494595 -1.534934998 0.001818724 0.999490142 -0.031878114 -2.757769585 -0.755839586 0.022246372 0.654378891 112.609703064
0.608968019 0.021580745 0.792901099 -1.238388062 0.003008699 0.999559760 -0.029516220 -2.767061472 -0.793188930 0.020360034 0.608635068 112.849594116
0.563866675 0.020109789 0.825620890 -0.897251129 0.004520605 0.999613345 -0.027435150 -2.774476767 -0.825853348 0.019202076 0.563557804 113.040771484
0.516572893 0.017592303 0.856062472 -0.546882629 0.006376736 0.999682128 -0.024391634 -2.787168026 -0.856219411 0.018058939 0.516296566 113.214042664
0.467132330 0.013681452 0.884081662 -0.187587738 0.008547223 0.999763668 -0.019987866 -2.807949066 -0.884146154 0.016893419 0.466904938 113.365280151
0.414653391 0.014851817 0.909858167 0.149963379 0.003402230 0.999834478 -0.017871032 -2.830497742 -0.909973085 0.010505834 0.414534211 113.516891479
0.364090264 0.019929031 0.931150496 0.526168823 -0.000493142 0.999775112 -0.021204952 -2.845083237 -0.931363463 0.007261328 0.364018232 113.635284424
0.315420449 0.024661940 0.948631406 0.901508331 -0.000309329 0.999664903 -0.025885820 -2.859739304 -0.948951960 0.007871481 0.315322399 113.722953796
0.269816488 0.026537744 0.962545991 1.292427063 0.001112213 0.999610901 -0.027871406 -2.874783993 -0.962911189 0.008590722 0.269681990 113.802665710
0.229797676 0.025870480 0.972894490 1.706169128 0.008612779 0.999553502 -0.028613707 -2.891745567 -0.973200440 0.014954692 0.229472235 113.858779907
0.193835437 0.025741864 0.980696261 2.108020782 0.015838148 0.999443233 -0.029364368 -2.907070637 -0.980906188 0.021224266 0.193319812 113.934600830
0.163339227 0.027027640 0.986199617 2.563959122 0.020139020 0.999324977 -0.030722870 -2.918774366 -0.986364424 0.024879344 0.162684649 113.990455627
0.136192769 0.025329322 0.990358472 3.039357185 0.018359505 0.999436915 -0.028086286 -2.939016581 -0.990512311 0.022007637 0.135651022 114.039466858
0.111035697 0.021891702 0.993575215 3.539803505 0.012254088 0.999651134 -0.023395017 -2.957723856 -0.993740857 0.014773040 0.110728681 114.095466614
0.087943554 0.018193694 0.995959282 4.053826332 0.007341369 0.999794185 -0.018911997 -2.975013733 -0.996098459 0.008974891 0.087791830 114.135940552
0.065193087 0.015997980 0.997744441 4.561540604 0.011073292 0.999798238 -0.016754445 -2.993287802 -0.997811198 0.012140591 0.065002792 114.171340942
0.045327127 0.016404148 0.998837590 5.105617523 0.019356383 0.999662995 -0.017296096 -3.012399197 -0.998784661 0.020117864 0.044994343 114.174186707
0.028103258 0.018599970 0.999431968 5.661236763 0.024026953 0.999525428 -0.019277327 -3.033877373 -0.999316216 0.024555063 0.027643014 114.174530029
0.013730653 0.024135552 0.999614358 6.280544281 0.023894552 0.999415100 -0.024458954 -3.044911146 -0.999620199 0.024221174 0.013145912 114.197418213
0.003191153 0.028706286 0.999582767 6.894906044 0.021315433 0.999358833 -0.028767899 -3.062989712 -0.999767721 0.021398343 0.002577220 114.208221436
-0.003389173 0.028330205 0.999592781 7.531345367 0.023669224 0.999320805 -0.028242247 -3.081059933 -0.999714077 0.023563871 -0.004057426 114.210426331
-0.005898923 0.025264032 0.999663353 8.201581955 0.030163638 0.999230385 -0.025075091 -3.097552299 -0.999527514 0.030005569 -0.006656438 114.207984924
-0.005128230 0.023453796 0.999711752 8.844127655 0.030943062 0.999249756 -0.023284234 -3.129710913 -0.999507964 0.030814733 -0.005850116 114.196220398
-0.003375163 0.023267752 0.999723494 9.529401779 0.029934356 0.999283552 -0.023156447 -3.150690317 -0.999546111 0.029847927 -0.004069250 114.205673218
-0.001966052 0.023696389 0.999717295 10.234892845 0.026457308 0.999370396 -0.023636140 -3.176495314 -0.999648035 0.026403356 -0.002591757 114.220138550
-0.000692214 0.024914494 0.999689341 10.970746994 0.025843535 0.999355972 -0.024888296 -3.197301626 -0.999665856 0.025818275 -0.001335647 114.233367920
0.000157704 0.025612937 0.999671936 11.694275856 0.024926618 0.999361157 -0.025608908 -3.226763725 -0.999689281 0.024922481 -0.000480840 114.239967346
0.000785112 0.025170874 0.999682784 12.460813522 0.024059094 0.999393284 -0.025182480 -3.257532835 -0.999710202 0.024071233 0.000179047 114.254623413
0.001193606 0.023869369 0.999714375 13.238861084 0.023287294 0.999443352 -0.023890704 -3.282105923 -0.999728143 0.023309160 0.000637088 114.269630432
0.001802903 0.022711350 0.999740362 14.021737099 0.023963064 0.999454021 -0.022748059 -3.312069893 -0.999711215 0.023997853 0.001257685 114.276824951
0.001323388 0.020680567 0.999785244 14.822860718 0.024787748 0.999478281 -0.020707028 -3.336985826 -0.999691844 0.024809826 0.000810073 114.286048889
-0.000061906 0.018613135 0.999826670 15.623743057 0.021891620 0.999587238 -0.018607317 -3.375485182 -0.999760270 0.021886677 -0.000469353 114.302276611
-0.000918266 0.018009735 0.999837399 16.442239761 0.021466950 0.999607742 -0.017985884 -3.395263910 -0.999769151 0.021446941 -0.001304519 114.299758911
-0.001932698 0.015427653 0.999879122 17.253067017 0.023805484 0.999598324 -0.015377306 -3.416453600 -0.999714732 0.023772892 -0.002299185 114.301483154
-0.003234012 0.013702920 0.999900877 18.089693069 0.025056912 0.999593258 -0.013617660 -3.449159622 -0.999680758 0.025010390 -0.003576051 114.308868408
-0.005243894 0.013346098 0.999897182 18.914575577 0.022598075 0.999657154 -0.013224384 -3.467514515 -0.999730885 0.022526409 -0.005543692 114.318977356
-0.006050370 0.017531157 0.999828041 19.773406982 0.019559350 0.999657035 -0.017409800 -3.503854275 -0.999790430 0.019450650 -0.006391193 114.326995850
-0.006732985 0.022109766 0.999732852 20.639833450 0.020431815 0.999549866 -0.021968115 -3.533557653 -0.999768555 0.020278446 -0.007181697 114.331520081
-0.007781567 0.023689926 0.999689043 21.497415543 0.020734018 0.999508202 -0.023524247 -3.563431740 -0.999754727 0.020544520 -0.008268928 114.331634521
-0.009354817 0.021677416 0.999721229 22.363119125 0.017194912 0.999620676 -0.021514334 -3.596068859 -0.999808371 0.016988855 -0.009724010 114.342819214
-0.010264400 0.017496999 0.999794245 23.217931747 0.014256434 0.999747872 -0.017349822 -3.630488873 -0.999845684 0.014075415 -0.010511259 114.347091675
-0.010625595 0.012404771 0.999866605 24.092353821 0.013221912 0.999837399 -0.012263901 -3.659874678 -0.999856114 0.013089839 -0.010787882 114.345756531
-0.010871381 0.007465136 0.999913037 24.957710266 0.009463718 0.999928117 -0.007362357 -3.680428982 -0.999896049 0.009382857 -0.010941250 114.348999023
-0.011128717 0.005978638 0.999920189 25.818357468 0.007113554 0.999957263 -0.005899691 -3.712471008 -0.999912739 0.007047330 -0.011170772 114.360549927
-0.010422869 0.012414808 0.999868572 26.654399872 0.009484151 0.999879241 -0.012316072 -3.745414734 -0.999900639 0.009354536 -0.010539353 114.360000610
-0.008688046 0.022972785 0.999698341 27.499391556 0.012001108 0.999666512 -0.022867758 -3.777447701 -0.999890208 0.011798813 -0.008960846 114.349952698
-0.008514713 0.028599553 0.999554634 28.373565674 0.013833529 0.999498725 -0.028480105 -3.798833132 -0.999868035 0.013584872 -0.008906076 114.363067627
-0.007106354 0.023052804 0.999709010 29.227544785 0.015355281 0.999618888 -0.022941574 -3.834135532 -0.999856830 0.015187780 -0.007457627 114.363426208
-0.006365658 0.016087033 0.999850333 30.084724426 0.018441372 0.999702454 -0.015967246 -3.863672256 -0.999809623 0.018336968 -0.006660430 114.366317749
-0.005949421 0.012455910 0.999904752 30.925512314 0.018908247 0.999744952 -0.012341417 -3.899690151 -0.999803483 0.018833021 -0.006183425 114.366706848
-0.005895930 0.012666592 0.999902368 31.764787674 0.018229052 0.999754965 -0.012557237 -3.935249567 -0.999816477 0.018153235 -0.006125385 114.370056152
-0.006722312 0.013521783 0.999885976 32.595546722 0.015214701 0.999794185 -0.013418254 -3.964230061 -0.999861658 0.015122765 -0.006926660 114.376663208
-0.009126606 0.014025304 0.999859929 33.428913116 0.013750439 0.999808908 -0.013899072 -3.989511490 -0.999863863 0.013621658 -0.009317716 114.390594482
-0.011372462 0.013898059 0.999838769 34.260990143 0.012080315 0.999832273 -0.013760566 -4.020802021 -0.999862373 0.011921874 -0.011538449 114.394615173
-0.013380446 0.014000937 0.999812484 35.073448181 0.010708691 0.999846637 -0.013858104 -4.052488804 -0.999853134 0.010521255 -0.013528327 114.392219543
-0.015539496 0.014721680 0.999770939 35.893314362 0.009430031 0.999849260 -0.014576266 -4.076651573 -0.999834776 0.009201363 -0.015675981 114.393867493
-0.017704368 0.013794638 0.999748111 36.717826843 0.007428749 0.999879062 -0.013664890 -4.104584694 -0.999815643 0.007184950 -0.017804703 114.395050049
-0.019707667 0.012775530 0.999724150 37.521568298 0.008055839 0.999887943 -0.012618817 -4.131200314 -0.999773324 0.007804929 -0.019808376 114.386451721
-0.021633917 0.012612959 0.999686420 38.315475464 0.007122307 0.999897063 -0.012461483 -4.165626049 -0.999740541 0.006850483 -0.021721521 114.375282288
-0.023383494 0.013811922 0.999631107 39.122245789 0.007898025 0.999875844 -0.013630552 -4.186759949 -0.999695480 0.007576383 -0.023489676 114.371467590
-0.024264045 0.013811694 0.999610245 39.914184570 0.008170407 0.999873817 -0.013617015 -4.215331078 -0.999672234 0.007836818 -0.024373831 114.359741211
-0.025372002 0.012864288 0.999595284 40.707626343 0.010429149 0.999866188 -0.012603058 -4.241593361 -0.999623656 0.010105165 -0.025502773 114.347175598
-0.026871784 0.011848205 0.999568641 41.495323181 0.010405243 0.999878824 -0.011572153 -4.272279739 -0.999584675 0.010089792 -0.026991811 114.335868835
-0.028366879 0.011533776 0.999531031 42.282131195 0.008987674 0.999895871 -0.011282914 -4.298552990 -0.999557197 0.008663397 -0.028467594 114.325828552
-0.029760275 0.010819692 0.999498546 43.051486969 0.007243949 0.999917448 -0.010608536 -4.321401596 -0.999530852 0.006924605 -0.029836200 114.319946289
-0.030735936 0.009475749 0.999482512 43.805004120 0.006215698 0.999937475 -0.009288916 -4.347766876 -0.999508262 0.005926978 -0.030792918 114.313346863
-0.031659000 0.009390324 0.999454618 44.524475098 0.006392692 0.999937296 -0.009192363 -4.372370720 -0.999478340 0.006098185 -0.031717047 114.297904968
-0.031241929 0.011817137 0.999441981 45.243465424 0.006686364 0.999910116 -0.011613662 -4.397090435 -0.999489427 0.006319798 -0.031318139 114.274902344
-0.031274226 0.014526326 0.999405265 45.958297729 0.006723369 0.999874711 -0.014322758 -4.423599243 -0.999488235 0.006271435 -0.031367976 114.264343262
-0.031526037 0.015964063 0.999375463 46.670112610 0.004620692 0.999863982 -0.015826108 -4.449970722 -0.999492168 0.004118872 -0.031595517 114.254516602
-0.031625398 0.016874915 0.999357343 47.381427765 0.005246622 0.999846458 -0.016717143 -4.476823330 -0.999486029 0.004714564 -0.031709079 114.236633301
-0.031492513 0.016587468 0.999366343 48.091316223 0.006673902 0.999843419 -0.016385077 -4.502737045 -0.999481738 0.006153666 -0.031598289 114.220230103
-0.032233808 0.016008304 0.999352157 48.793170929 0.006698178 0.999852717 -0.015800275 -4.531780720 -0.999457896 0.006184536 -0.032336280 114.209251404
-0.032154728 0.016325580 0.999349535 49.487445831 0.002810727 0.999864101 -0.016243549 -4.555311203 -0.999478936 0.002286592 -0.032196242 114.194869995
-0.031916745 0.016001640 0.999362409 50.183132172 0.000376100 0.999871969 -0.015997788 -4.586276054 -0.999490380 -0.000134738 -0.031918671 114.186492920
-0.032325353 0.014738847 0.999368727 50.882476807 0.001963252 0.999890268 -0.014683036 -4.612023830 -0.999475479 0.001487378 -0.032350738 114.178642273
-0.033173557 0.014728897 0.999341071 51.579891205 0.002937197 0.999888539 -0.014639464 -4.630727291 -0.999445260 0.002449618 -0.033213124 114.160362244
-0.036830429 0.014141873 0.999221444 52.261932373 -0.000896568 0.999899030 -0.014184509 -4.658159256 -0.999321163 -0.001418291 -0.036814030 114.147834778
-0.042068563 0.013677976 0.999021113 52.947460175 -0.004694835 0.999892533 -0.013887605 -4.684611320 -0.999103725 -0.005274471 -0.041999824 114.135246277
-0.047736861 0.018012324 0.998697460 53.618904114 -0.000766783 0.999836445 -0.018069517 -4.703061581 -0.998859763 -0.001628366 -0.047715239 114.103179932
-0.053877547 0.020517770 0.998336732 54.304119110 0.001834820 0.999789238 -0.020448597 -4.726118088 -0.998545825 0.000730048 -0.053903840 114.061798096
-0.060823519 0.021908214 0.997908115 54.982036591 0.001000864 0.999759912 -0.021887865 -4.754441738 -0.998148084 -0.000332527 -0.060830843 114.022148132
-0.067061365 0.020675089 0.997534573 55.666797638 -0.003126043 0.999776065 -0.020931695 -4.786324024 -0.997743964 -0.004522045 -0.066981718 113.987289429
-0.072993487 0.019854000 0.997134745 56.372711182 -0.002901403 0.999793470 -0.020119324 -4.809964657 -0.997328281 -0.004361670 -0.072920799 113.952217102
-0.077031322 0.020193692 0.996824145 57.073753357 -0.005590942 0.999770463 -0.020685423 -4.843062401 -0.997013032 -0.007166611 -0.076900721 113.902511597
-0.081333920 0.020018632 0.996485829 57.799472809 -0.007974224 0.999753177 -0.020735128 -4.862190247 -0.996654928 -0.009632672 -0.081154220 113.860458374
-0.083666131 0.017047077 0.996347964 58.515914917 -0.007053246 0.999818444 -0.017698739 -4.883282661 -0.996468842 -0.008508272 -0.083530702 113.806289673
-0.084678091 0.013549509 0.996316195 59.229156494 -0.005317683 0.999887049 -0.014050031 -4.911529541 -0.996394217 -0.006487823 -0.084596485 113.739128113
-0.086775474 0.010880454 0.996168435 59.967426300 -0.005906904 0.999917150 -0.011435940 -4.938513756 -0.996210396 -0.006876632 -0.086704008 113.692344666
-0.088413559 0.010044559 0.996033192 60.714706421 -0.007371005 0.999915183 -0.010737999 -4.966986179 -0.996056616 -0.008291150 -0.088332012 113.643264771
-0.088799953 0.014531096 0.995943427 61.478984833 -0.004658377 0.999876559 -0.015003831 -4.980162144 -0.996038616 -0.005971820 -0.088721290 113.584312439
-0.088866942 0.018421346 0.995873094 62.230197906 0.001057183 0.999830127 -0.018400202 -5.004226208 -0.996042967 -0.000582349 -0.088871315 113.519271851
-0.089526661 0.023656111 0.995703459 62.991569519 0.009209575 0.999694765 -0.022922879 -5.027268410 -0.995941818 0.007117799 -0.089717187 113.451698303
-0.089954801 0.023928974 0.995658338 63.745483398 0.009079565 0.999689460 -0.023205545 -5.060570717 -0.995904446 0.006952694 -0.090144120 113.385002136
-0.090572663 0.021939956 0.995648146 64.535987854 0.007246337 0.999745369 -0.021371057 -5.089035988 -0.995863616 0.005279166 -0.090708576 113.327491760
-0.090657078 0.017221015 0.995733261 65.306922913 0.007861339 0.999831676 -0.016576158 -5.116387367 -0.995851159 0.006325051 -0.090777203 113.268951416
-0.090605341 0.015088484 0.995772600 66.068801880 0.009732018 0.999850929 -0.014264764 -5.146563530 -0.995839298 0.008398414 -0.090738684 113.203689575
-0.091601521 0.014346649 0.995692492 66.834167480 0.009505913 0.999863267 -0.013532222 -5.179204464 -0.995750487 0.008225392 -0.091725372 113.142044067
-0.093117893 0.015181221 0.995539308 67.594665527 0.008055657 0.999862552 -0.014493660 -5.206519127 -0.995622575 0.006670103 -0.093227357 113.082290649
-0.095251843 0.016124906 0.995322585 68.341934204 0.007361013 0.999852896 -0.015493853 -5.230544090 -0.995426118 0.005850763 -0.095356539 113.019195557
-0.097701162 0.016095268 0.995085657 69.100273132 0.008393768 0.999846995 -0.015348149 -5.258577347 -0.995180428 0.006852986 -0.097821325 112.953941345
-0.099749848 0.016216200 0.994880378 69.858741760 0.008478752 0.999844730 -0.015447011 -5.283750534 -0.994976461 0.006894508 -0.099871844 112.888221741
-0.101327643 0.015878187 0.994726419 70.618995667 0.008437344 0.999850392 -0.015100510 -5.310445786 -0.994817317 0.006862749 -0.101446450 112.812484741
-0.102967374 0.016210135 0.994552612 71.383575439 0.006128364 0.999858558 -0.015662137 -5.335752010 -0.994665861 0.004482293 -0.103052154 112.744445801
-0.104021765 0.017617729 0.994418979 72.150878906 0.005966468 0.999836028 -0.017089583 -5.363927364 -0.994557142 0.004155480 -0.104109854 112.673431396
-0.105013415 0.018014167 0.994307578 72.922943115 0.004883136 0.999833226 -0.017598538 -5.388208389 -0.994458795 0.003007256 -0.105083868 112.603538513
-0.106511287 0.018446663 0.994140327 73.706100464 0.004733871 0.999825954 -0.018044977 -5.411824703 -0.994300246 0.002784138 -0.106580079 112.533805847
-0.107426040 0.016836133 0.994070470 74.503959656 0.005304724 0.999852002 -0.016360788 -5.436762810 -0.994198918 0.003515694 -0.107499473 112.457542419
-0.108301051 0.014962544 0.994005561 75.301513672 0.003482569 0.999886215 -0.014671627 -5.458130360 -0.994112015 0.001872739 -0.108340867 112.382720947
-0.110301420 0.012580285 0.993818700 76.096130371 -0.000505231 0.999919057 -0.012713584 -5.485900402 -0.993897974 -0.001904434 -0.110286154 112.311614990
-0.112322472 0.011843624 0.993601263 76.900352478 0.001266565 0.999929845 -0.011775881 -5.509988308 -0.993671000 -0.000064235 -0.112329587 112.227218628
-0.113823116 0.012537982 0.993421972 77.712371826 0.002283888 0.999920964 -0.012358327 -5.536664963 -0.993498385 0.000862200 -0.113842770 112.140968323
-0.116291717 0.014042798 0.993115842 78.528930664 0.001767027 0.999901414 -0.013931834 -5.558401108 -0.993213475 0.000134707 -0.116305053 112.058403015
-0.117727146 0.017044870 0.992899776 79.351806641 0.002586284 0.999854505 -0.016857611 -5.591645241 -0.993042529 0.000583322 -0.117754117 111.969100952
-0.117893122 0.020907033 0.992806137 80.166992188 0.005023312 0.999778092 -0.020457348 -5.618308067 -0.993013620 0.002575396 -0.117971979 111.869964600
-0.119307846 0.024659019 0.992551088 80.996093750 0.005937739 0.999691367 -0.024122681 -5.652479172 -0.992839634 0.003015484 -0.119417436 111.787094116
-0.118740723 0.025826219 0.992589355 81.836250305 0.008113973 0.999653459 -0.025039371 -5.684699059 -0.992892146 0.005080651 -0.118909150 111.684753418
-0.118261486 0.025075922 0.992665768 82.686233521 0.011888591 0.999645233 -0.023835875 -5.717776299 -0.992911339 0.008982533 -0.118517645 111.590713501
-0.118372843 0.022978436 0.992703319 83.539550781 0.012169774 0.999690592 -0.021689016 -5.754548550 -0.992894650 0.009513585 -0.118615888 111.499710083
-0.117356345 0.021247957 0.992862523 84.379913330 0.011701081 0.999731243 -0.020011887 -5.786999226 -0.993020952 0.009269043 -0.117573425 111.407005310
-0.115973793 0.018995987 0.993070602 85.264060974 0.010010687 0.999788702 -0.017955415 -5.819049835 -0.993201852 0.007858961 -0.116139449 111.326568604
-0.114767164 0.015806995 0.993266702 86.135635376 0.010477704 0.999836981 -0.014700912 -5.849012375 -0.993337214 0.008719971 -0.114914082 111.242179871
-0.112848088 0.012457477 0.993534148 87.002548218 0.011080847 0.999874890 -0.011278393 -5.877705574 -0.993550539 0.009736454 -0.112972006 111.149986267
-0.111177988 0.012581822 0.993720889 87.876731873 0.009512197 0.999887526 -0.011595668 -5.903294563 -0.993754983 0.008163285 -0.111285180 111.067703247
-0.110190496 0.016573908 0.993772328 88.748443604 0.010246831 0.999826729 -0.015538704 -5.935072422 -0.993857741 0.008470799 -0.110341251 110.986457825
-0.108111948 0.023006313 0.993872583 89.615463257 0.011090735 0.999697864 -0.021934725 -5.961731911 -0.994076908 0.008651368 -0.108334444 110.899856567
-0.106624737 0.026330316 0.993950605 90.493896484 0.008589732 0.999636412 -0.025559481 -5.990415096 -0.994262159 0.005812497 -0.106812157 110.813896179
-0.104762442 0.023883296 0.994210422 91.365936279 0.007502445 0.999702096 -0.023224665 -6.024200439 -0.994468868 0.005025934 -0.104910418 110.727256775
